default_name
    22
  -2.9282000  -2.0726000   0.3687000  -3.3455000  -1.1297000   0.0368000
  -4.0013000  -0.7459000   0.8106000  -3.9412000  -1.2898000  -0.8521000
  -2.2949000  -0.0836000  -0.2664000  -2.5648000   0.9275000  -0.8618000
  -1.0537000  -0.3481000   0.1880000  -0.8439000  -1.2008000   0.6563000
   0.0512000   0.5544000  -0.0223000  -0.0350000   0.9684000  -1.0193000
   0.0621000   1.7041000   0.9943000  -0.8669000   2.2535000   0.9191000
   0.1612000   1.3147000   2.0017000   0.8832000   2.3885000   0.8073000
   1.3356000  -0.2622000   0.0881000   1.3718000  -1.2995000   0.6984000
   2.4198000   0.2761000  -0.4981000   2.3083000   1.0790000  -1.0725000
   3.7101000  -0.3810000  -0.4622000   3.9518000  -0.6657000   0.5517000
   3.7219000  -1.2710000  -1.0808000   4.4601000   0.3097000  -0.8231000
