       74
 -0.1606900000000000E+02 -0.2468600000000000E+02 -0.1009900000000000E+02
 -0.1636300000000000E+02 -0.2590300000000000E+02 -0.1052900000000000E+02
 -0.1583300000000000E+02 -0.2477700000000000E+02 -0.8768000000000001E+01
 -0.1633000000000000E+02 -0.2683000000000000E+02 -0.9513999999999999E+01
 -0.1598600000000000E+02 -0.2612000000000000E+02 -0.8342000000000001E+01
 -0.1555200000000000E+02 -0.2364300000000000E+02 -0.7998000000000000E+01
 -0.1512520930000000E+02 -0.2387263040000000E+02 -0.7027640500000000E+01
 -0.1556100000000000E+02 -0.2233400000000000E+02 -0.8362000000000000E+01
 -0.1549500000000000E+02 -0.2189100000000000E+02 -0.9605000000000000E+01
 -0.1532900000000000E+02 -0.2056300000000000E+02 -0.9563000000000001E+01
 -0.1527900000000000E+02 -0.2014100000000000E+02 -0.8212999999999999E+01
 -0.1543100000000000E+02 -0.2128000000000000E+02 -0.7478000000000000E+01
 -0.1556000000000000E+02 -0.1972100000000000E+02 -0.1064600000000000E+02
 -0.1582284140000000E+02 -0.1870683910000000E+02 -0.1037310250000000E+02
 -0.1559700000000000E+02 -0.2005000000000000E+02 -0.1201400000000000E+02
 -0.1554400000000000E+02 -0.1918300000000000E+02 -0.1312100000000000E+02
 -0.1597600000000000E+02 -0.2125100000000000E+02 -0.1376400000000000E+02
 -0.1586200000000000E+02 -0.2131700000000000E+02 -0.1244700000000000E+02
 -0.1578000000000000E+02 -0.1995600000000000E+02 -0.1422300000000000E+02
 -0.1645200000000000E+02 -0.2229600000000000E+02 -0.1451500000000000E+02
 -0.1706793450000000E+02 -0.2194859230000000E+02 -0.1533681360000000E+02
 -0.1647600000000000E+02 -0.2365700000000000E+02 -0.1423600000000000E+02
 -0.1684200000000000E+02 -0.2469900000000000E+02 -0.1512900000000000E+02
 -0.1641500000000000E+02 -0.2410900000000000E+02 -0.1296700000000000E+02
 -0.1672400000000000E+02 -0.2538500000000000E+02 -0.1297700000000000E+02
 -0.1681400000000000E+02 -0.2614800000000000E+02 -0.1182000000000000E+02
 -0.1735179240000000E+02 -0.2708688620000000E+02 -0.1188658810000000E+02
 -0.1584600000000000E+02 -0.2303200000000000E+02 -0.1129300000000000E+02
 -0.1700500000000000E+02 -0.2584000000000000E+02 -0.1429300000000000E+02
 -0.1736700000000000E+02 -0.2717800000000000E+02 -0.1463400000000000E+02
 -0.1784246920000000E+02 -0.2770920610000000E+02 -0.1380828630000000E+02
 -0.1720500000000000E+02 -0.2792600000000000E+02 -0.1589600000000000E+02
 -0.1670353820000000E+02 -0.2751108820000000E+02 -0.1676439870000000E+02
 -0.1756483730000000E+02 -0.2894785570000000E+02 -0.1598605610000000E+02
 -0.1580600000000000E+02 -0.2651900000000000E+02 -0.7029000000000000E+01
 -0.1629383600000000E+02 -0.2587735790000000E+02 -0.6294678200000000E+01
 -0.1508600000000000E+02 -0.2762500000000000E+02 -0.6526000000000000E+01
 -0.1452456550000000E+02 -0.2830063570000000E+02 -0.7162768200000000E+01
 -0.1505002930000000E+02 -0.2782186350000000E+02 -0.5456715700000000E+01
 -0.1700400000000000E+02 -0.2455900000000000E+02 -0.1663400000000000E+02
 -0.1608269410000000E+02 -0.2481256230000000E+02 -0.1717946000000000E+02
 -0.1778998200000000E+02 -0.2522860050000000E+02 -0.1700467690000000E+02
 -0.1727412890000000E+02 -0.2353570910000000E+02 -0.1691689770000000E+02
 -0.1661800000000000E+02 -0.2836700000000000E+02 -0.9654000000000000E+01
 -0.1570174180000000E+02 -0.2895229550000000E+02 -0.9820820299999999E+01
 -0.1708718730000000E+02 -0.2875888670000000E+02 -0.8744705700000001E+01
 -0.1728966130000000E+02 -0.2857487120000000E+02 -0.1049476730000000E+02
 -0.1544700000000000E+02 -0.2134500000000000E+02 -0.5937000000000000E+01
 -0.1635072820000000E+02 -0.2184086320000000E+02 -0.5557804600000000E+01
 -0.1458626300000000E+02 -0.2190285440000000E+02 -0.5542156600000000E+01
 -0.1541248430000000E+02 -0.2034160610000000E+02 -0.5501549300000000E+01
 -0.1581100000000000E+02 -0.1947100000000000E+02 -0.1574600000000000E+02
 -0.1496625060000000E+02 -0.1987480520000000E+02 -0.1632270520000000E+02
 -0.1672940920000000E+02 -0.1978961310000000E+02 -0.1625715190000000E+02
 -0.1575651570000000E+02 -0.1838031660000000E+02 -0.1581130910000000E+02
 -0.1526800000000000E+02 -0.1767800000000000E+02 -0.1314200000000000E+02
 -0.1581195880000000E+02 -0.1720097670000000E+02 -0.1396659600000000E+02
 -0.1563157590000000E+02 -0.1718498570000000E+02 -0.1223534440000000E+02
 -0.1509200000000000E+02 -0.1871500000000000E+02 -0.7649000000000000E+01
 -0.1550457710000000E+02 -0.1795281800000000E+02 -0.8320127200000000E+01
 -0.1562483080000000E+02 -0.1858550800000000E+02 -0.6699753400000000E+01
 -0.1380400000000000E+02 -0.1738000000000000E+02 -0.1329600000000000E+02
 -0.1345593680000000E+02 -0.1788576420000000E+02 -0.1420709370000000E+02
 -0.1323255390000000E+02 -0.1782362130000000E+02 -0.1247057320000000E+02
 -0.1357800000000000E+02 -0.1841900000000000E+02 -0.7435000000000000E+01
 -0.1311180980000000E+02 -0.1851758240000000E+02 -0.8420217800000000E+01
 -0.1314879420000000E+02 -0.1921585290000000E+02 -0.6811390500000000E+01
 -0.1314600000000000E+02 -0.1705700000000000E+02 -0.6844000000000000E+01
 -0.1344800000000000E+02 -0.1593100000000000E+02 -0.1341500000000000E+02
 -0.1237600000000000E+02 -0.1564100000000000E+02 -0.1394900000000000E+02
 -0.1210600000000000E+02 -0.1695500000000000E+02 -0.6219000000000000E+01
 -0.1420900000000000E+02 -0.1504200000000000E+02 -0.1306000000000000E+02
 -0.1386700000000000E+02 -0.1606100000000000E+02 -0.7005000000000000E+01
 -0.1789600000000000E+02 -0.2280200000000000E+02 -0.1116600000000000E+02
  0 START of Energies
  0.3234398764861906E+03
 -0.8815113469276229E+01
  0.1235165888936414E+02
  0.0000000000000000E+00
  0.1415828075479786E+03
  0.8888838210799094E+02
  0.6540660071693978E+02
  0.5188264597401992E+01
  0.1883727609579137E+02
  0.0000000000000000E+00
  0.0000000000000000E+00
  0.0000000000000000E+00
  0.0000000000000000E+00
  0.0000000000000000E+00
  0.0000000000000000E+00
  0.0000000000000000E+00
  0.0000000000000000E+00  0.1235165888936414E+02  0.0000000000000000E+00
  0.0000000000000000E+00 -0.8815113469276229E+01  0.0000000000000000E+00
  0.0000000000000000E+00  0.0000000000000000E+00  0.0000000000000000E+00
  1 START of VIRIALS
  0.0000000000000000E+00  0.0000000000000000E+00  0.0000000000000000E+00
  0.0000000000000000E+00  0.0000000000000000E+00  0.0000000000000000E+00
  0.0000000000000000E+00  0.0000000000000000E+00  0.0000000000000000E+00
  0.0000000000000000E+00  0.0000000000000000E+00  0.0000000000000000E+00
  0.0000000000000000E+00  0.0000000000000000E+00  0.0000000000000000E+00
  0.0000000000000000E+00  0.0000000000000000E+00  0.0000000000000000E+00
  0.3305040793122304E+01  0.1881552943483723E+01 -0.4262138398638401E+01
  0.1881552943483723E+01 -0.2677129886163862E+02  0.6331547505251420E+01
 -0.4262138398638401E+01  0.6331547505251420E+01 -0.4623491765154206E+02
  0.0000000000000000E+00  0.0000000000000000E+00  0.0000000000000000E+00
  0.0000000000000000E+00  0.0000000000000000E+00  0.0000000000000000E+00
  0.0000000000000000E+00  0.0000000000000000E+00  0.0000000000000000E+00
  0.1077177244199483E+04 -0.2037004825585864E+03 -0.1138594934291959E+03
 -0.2037004825585950E+03 -0.3092686373567733E+03  0.1353999431804709E+02
 -0.1138594934291935E+03  0.1353999431804897E+02 -0.3194428562870289E+03
  0.0000000000000000E+00  0.0000000000000000E+00  0.0000000000000000E+00
  0.0000000000000000E+00  0.0000000000000000E+00  0.0000000000000000E+00
  0.0000000000000000E+00  0.0000000000000000E+00  0.0000000000000000E+00
  0.0000000000000000E+00  0.0000000000000000E+00  0.0000000000000000E+00
  0.0000000000000000E+00  0.0000000000000000E+00  0.0000000000000000E+00
  0.0000000000000000E+00  0.0000000000000000E+00  0.0000000000000000E+00
  2 Total Force
  0.1224667840776617E+02  0.2819153354184281E+02 -0.1748516989625810E+02
 -0.2249824261655678E+02  0.1573586384690520E+01 -0.3074780029937724E+02
 -0.1128188469872846E+02  0.1380901198387669E+02 -0.2009283870686005E+01
  0.7677376761084770E+01 -0.8274542234639331E+02  0.3488305178628006E+02
  0.2218763968297253E+02 -0.6188886543969124E+01  0.3477367748112158E+01
  0.1238136898918587E+02 -0.5114751484424861E+02  0.3497013715305645E+02
 -0.1712852890367165E+02  0.4553913719845925E+01  0.1162500367232882E+02
  0.2411636809043022E+02  0.4217355647276168E+02  0.1865773641841812E+02
 -0.1113200273505717E+02 -0.5502511325009303E+02 -0.9817715766941301E+02
 -0.3338368715351517E+02  0.1041067315122807E+02  0.4534666271770676E+02
  0.1209998177544930E+02  0.6370179742274408E+02 -0.6467130521119818E+01
  0.4540694252862373E+01 -0.8905256207031087E+01  0.8507556358071575E+02
  0.1520687636235239E+02  0.3084091598325653E+02 -0.6443415727436079E+01
  0.1858729694567133E+02  0.1098990241801689E+02 -0.6903421673310549E+01
 -0.1296283784598488E+02 -0.6577916823333140E+01  0.1434032868264198E+02
  0.6022550970854954E+01  0.5095649750046714E+02  0.1398202810946703E+02
 -0.1577134831223041E+02 -0.8883053632140390E+01 -0.1029926223357863E+02
  0.3152063736065710E+02 -0.1283797534390401E+02  0.4763478802072554E+02
 -0.5347825966187424E+01  0.2671151392591640E+02 -0.9691812027056643E+02
 -0.4959496169737307E+01  0.5988618943896713E+01 -0.4275503128856202E+02
  0.1756007778290376E+02 -0.8171477626916674E+01 -0.1977004324274268E+02
 -0.3060982108918054E+02 -0.3153883605709145E+02 -0.4505962472291147E+01
  0.8737692973309136E+01 -0.3523544486045896E+00 -0.1955428855453334E+02
  0.5477074908853444E+02  0.5115138841657747E+02  0.6974453170188146E+02
 -0.2997426827741890E+02 -0.2321214906956384E+02 -0.3953966176686900E+02
 -0.8422423634738610E+01 -0.4417215361366702E+02  0.3179797873035889E+01
  0.1216924556417310E+02 -0.2628621433672097E+01 -0.1373817937110544E+02
 -0.5091943166377205E+03  0.7109388140141282E+02  0.1716394938940761E+02
 -0.1040608323864187E+02 -0.4706121934752747E+02 -0.3669191365650527E+02
  0.6935156847044988E+01 -0.1748050984949052E+02 -0.4709770224340554E+02
  0.8997178830498783E+01 -0.8934851192918792E+01 -0.8048753560367416E+01
 -0.1270711710035643E+02  0.6825427920377906E+02  0.8005077713808942E+02
 -0.1179134152270296E+01  0.1259691409197601E+01 -0.4219665287069058E-01
  0.1927300913413901E+01  0.1036605420838931E+01 -0.1995000873719442E+01
 -0.2704823021494848E+01 -0.1642536192335451E+02  0.2604680176401275E+02
  0.1401145919402890E+02  0.3686565750877882E+01  0.1907576274359605E+01
 -0.2756088689654356E+02  0.2002376142524570E+02 -0.3021727457415295E+02
 -0.1816055390681083E+01  0.1898856476238668E+00 -0.1583367955906157E+01
  0.2006134883731840E+01 -0.1032640452812257E+01 -0.2648335341294345E+01
 -0.3205746831197962E+01 -0.8498814445487705E+01  0.3896537503573125E+00
 -0.2847356784744081E+01  0.6660206516015151E+00  0.6609818574683654E+01
  0.1435867689974000E+01  0.3047831417862426E+01  0.2217941007154823E+01
 -0.7975142517609772E+00 -0.3772413267292174E+01  0.2453364623580190E+00
  0.7623151260222390E+01  0.3304982787298243E+02  0.9289086948073745E+01
 -0.2254913602344255E+01  0.6443131192856322E+01  0.8923005840338318E+00
  0.9482828435590496E-01  0.1791586666307200E+01 -0.2169927430473300E+01
  0.7381250501496041E+00 -0.3868417824479973E+01  0.7476468898860695E+01
  0.2072493006264176E+01 -0.5354168781822727E+01 -0.1560176210194272E+02
  0.2243495067122161E+01  0.2733083169847895E+01 -0.4233278900822279E+01
 -0.2267130821598016E+01  0.3171453890522138E+01 -0.4462884773606163E+01
  0.2692550840498424E-01 -0.5115176171843062E+01  0.2355449068003335E+01
 -0.2339765164194449E+00 -0.1764839962228638E+02  0.5083672585700434E+02
 -0.2618932730098119E+01  0.8067310190853920E+00  0.5657524483759275E+01
  0.2528934846292164E+01  0.1817707803421975E+01  0.4162307439572318E+01
 -0.4522511768394486E+00 -0.2850401747701691E+01 -0.2205735112831180E+01
 -0.2982771343027154E+02 -0.7125146585561881E+01  0.7325328954990041E+01
  0.1277861409405154E+01 -0.1683173577999959E+01  0.3558659889789456E+01
 -0.2548064074930886E+00 -0.4402846326360769E+01  0.7718719233175424E+00
 -0.5129648256286704E+01  0.3288038907815764E+01 -0.1959148554406374E+01
  0.1077855630378209E+01 -0.3398363401487709E+01  0.1129098292466714E+01
  0.1748716823133720E+01  0.2268987305829825E+00 -0.3881311558663746E+01
  0.2440601117598937E+02 -0.2486179773415171E+02 -0.5327338081691630E+01
 -0.5482228653570219E+00  0.5152669418140705E+01  0.6823967752750285E+00
 -0.3129185478916777E+01  0.5654703509677814E+01  0.1656516412307831E+01
  0.1018624485231869E+02 -0.1264595204136224E+02 -0.4866014435587348E+01
  0.3526745050574657E+01  0.5416088470096642E+01  0.2128127521762063E+01
 -0.1451622338435755E+01  0.6106698492296252E+01  0.1734222914892347E+01
 -0.2548942329779061E+02  0.3857770455708850E+02 -0.3103316461877667E+01
  0.2802157404293967E+02  0.4995887802376007E+02 -0.1205326619849263E+02
 -0.1732244661109387E+02 -0.1760073996411725E+02  0.6903993360073651E+01
 -0.9687696023626201E+00 -0.1916864663002745E+02 -0.2495340119219320E+01
 -0.6261691018754401E+01 -0.1938452266329061E+02  0.9500216721168160E+00
  0.8371158497917794E+01 -0.3626528228570813E+02 -0.8737090911790661E+00
  0.4850196819901122E+03 -0.4754105684032945E+02 -0.1818744628422748E+02
  3 Bond Force
  0.7344248771348580E+01  0.4500025438283622E+02 -0.6061026864423948E+01
 -0.2963427397081393E+00 -0.6764236163551182E+01 -0.1672931423254301E+02
 -0.5134760361802901E+00 -0.1241549694418604E+02  0.2287154078568335E+01
 -0.1061527524766465E+02 -0.8398938117672981E+02  0.1872756367662250E+02
  0.4381808507970673E+01 -0.6794120773598463E+01  0.2681707255918534E+02
  0.4145014195240440E+01 -0.3497602855814445E+02  0.2366202444779744E+02
  0.1359888977954507E+01 -0.1739676800212000E+01  0.2991892010110427E+01
 -0.5326586478203943E+01  0.1193734214694528E+02  0.6619734257302529E+01
 -0.2833458256486983E+01 -0.2016967907805695E+02 -0.5164457370663968E+02
  0.9008581547437695E+01  0.1051698615911648E+02  0.1516932114141300E+02
  0.9714775327614477E+01  0.7673691115113623E+02 -0.7270835320344240E+01
 -0.2896180197785005E+01 -0.1614723292037408E+02  0.8377749216297551E+02
 -0.3846781246861602E+01  0.1714026064404002E+02 -0.9209528433498498E+01
 -0.1269917739310327E+01  0.4859729752599533E+01  0.3518265198456479E+00
  0.7514143528317957E+00 -0.5252926682140648E+01  0.2147911761878820E+00
  0.1306754803055908E+02  0.6142371444893532E+02  0.2793968061492838E+02
  0.7824683106971207E+01  0.7478870085352565E+01 -0.9345173933304125E+01
  0.2212185081038820E+01 -0.1712616017228137E+02  0.4630071451585383E+02
 -0.5027363723403356E+01  0.2305889134709350E+02 -0.1172875156575698E+03
 -0.1378806602385391E+02 -0.5684634798156605E+01 -0.2764183975422328E+02
 -0.2618106894834338E+01  0.9529765929386579E+00 -0.3204780967205150E+01
  0.3820879630218020E+00 -0.1932069008018764E+02 -0.1348631437014534E+02
 -0.2871625665545776E+01 -0.1568097702568875E+01 -0.2179895741869694E+02
  0.1614563065087303E+02  0.4885008799628775E+02  0.2947642347463919E+02
 -0.9201550021227623E+01 -0.3367354436492946E+02 -0.2212881579289924E+02
 -0.1055237368627244E+02 -0.1822905508196536E+02 -0.1704303029636446E+01
 -0.2332594096053638E+01 -0.3371228650779893E+01 -0.9553372208569465E+00
 -0.4869742059925402E+03  0.5766376874233272E+02  0.2831899618061179E+02
 -0.1618802112914160E+02 -0.5892444368689615E+02 -0.1788373211622064E+02
  0.2359571191479520E+02 -0.4135837344980828E+01 -0.7580955725620161E+02
  0.1303767629400429E+01  0.1845425307396828E+01 -0.2000088910125513E+01
 -0.1205301697637506E+02  0.5225561527658505E+02  0.8982102880139563E+02
  0.8924693506607398E-01 -0.5752317248684638E-01 -0.3199739844531627E+00
  0.5878648287907420E+00  0.1030973806332523E+01 -0.5637346668260437E+00
  0.1774145520727614E+02 -0.2916405935034240E+02  0.6284696816717558E+01
  0.1020845965209515E+01 -0.1614786957126459E+01 -0.2134513450667489E+01
 -0.2096785495946136E+02  0.3202392160216870E+02 -0.1235296196105806E+02
 -0.7537241261300157E-01  0.1377319000715675E+00 -0.3176024922746402E+00
  0.1446352927562092E+00  0.6930126957871363E-01 -0.2177722539505680E+01
  0.2928405870803747E+01 -0.3119429849428847E+01  0.7663553782110684E+01
 -0.4684272111623995E+01  0.1321552021552084E+01  0.2827788354092678E+01
  0.2405753115331895E+01  0.2196359608648036E+01  0.9627145388054124E+00
  0.4755820072250336E+00 -0.2210041936521451E+01  0.2655532391976654E+00
  0.1054959560903308E+02  0.4051958504673805E+02  0.4683950968522281E+01
 -0.4469347531946370E+01  0.2814994925787712E+01  0.8138987631120111E+00
  0.9518058389331859E+00  0.6232631560237600E+00 -0.2113542832798762E+01
  0.1518728279716263E+01  0.1062300067827478E+00  0.2095391867786874E+01
  0.4377645449366038E+00 -0.1433059971129927E+01 -0.2301935422948691E+02
  0.3553900803497581E+01  0.1953141558520970E+01 -0.1550778099441570E+01
 -0.3776860144378002E+01  0.2428294937176499E+01 -0.1831626222371240E+01
 -0.9575665554534854E-01 -0.1622570628599054E+01 -0.3098693822367182E-01
  0.1995018146512584E+01 -0.2103685269194665E+02  0.5758589345816919E+02
 -0.3957040590236921E+01  0.1930257985347046E+01  0.2699457939049371E+01
  0.3537487045811148E+01  0.1306614709930235E+01  0.1910664314485661E+01
 -0.1025774395660194E+00 -0.1256633751055393E+01 -0.3053345392993506E+00
 -0.2676739395564252E+02 -0.2484115731199508E+02  0.8764331266385973E+00
  0.3617182978421669E+00 -0.1420314124554911E+01  0.2354427070247430E+01
 -0.5489935570370454E+00 -0.8465627443480332E+00 -0.7435520854413646E+00
  0.5620789302104052E+01 -0.2461602400555090E+02 -0.9079096677191744E+01
  0.9897441558900411E-01 -0.1928558811771579E+01  0.1352804296423630E+01
  0.4372081302714835E+00 -0.3142539219467169E+00 -0.2299177972296581E+01
  0.2095724772807101E+02 -0.5619383362496523E+01 -0.2300415374429493E+01
 -0.1006240519980586E+01  0.1051341515809868E+01  0.2748452261020220E+01
 -0.1174044064871566E+01  0.1206792092373617E+01 -0.2093522649480725E+01
 -0.3916980867564220E+01  0.1687479433940853E+02  0.9352554795559001E+01
  0.2315718275037151E+00  0.7181534996324611E+00  0.1097043542363850E+01
 -0.1258336491334648E+01  0.3118081768675147E+01 -0.2137140020336179E+01
 -0.2124848831915984E+02  0.5925714714273457E+01 -0.1126309940223554E+02
  0.1685115664231078E+02  0.2158437734414485E+02 -0.7659875340424942E+01
 -0.1993609168717137E+02 -0.4352608206034878E+01  0.1021113984394087E+02
 -0.3331575844913518E+01  0.1410602407984457E+00 -0.2216610689091091E+01
  0.8611451716948322E+01 -0.4660505786140570E+01 -0.3234485413708512E+01
  0.2098629764389334E+02 -0.2497615670797417E+02  0.4918094639325994E+01
  0.4831903180520038E+03 -0.5343041781218097E+02 -0.2927342666942927E+02
  4 Angle Force
  0.2790399752891862E+01 -0.1867075896395957E+02 -0.9196284352678779E+01
 -0.2804402117886307E-01  0.1854499166280086E+01 -0.1874183897990360E+02
  0.1495755687864337E+01  0.2205791130484299E+02 -0.5707537440508614E+01
  0.5533922399281551E+01  0.3041961528024624E+01  0.1933183868976253E+02
  0.1596589432860733E+02  0.3419667310864858E+01 -0.2290117384536431E+02
  0.4549716869527968E+01 -0.1471326394766456E+02  0.1928965265102656E+02
  0.3029561001807173E+00  0.3197557625650625E+01  0.1308477278288754E+01
  0.4428719554685204E+01  0.3296127061956280E+02  0.1337125761720147E+02
 -0.5337277765572238E+01 -0.3325383141705450E+02 -0.4073078225161905E+02
  0.1279421597589696E+01  0.7799358312094173E+00  0.2336329231676504E+02
 -0.4959968544139344E+00 -0.1346359914375290E+02  0.1093404808963667E+01
  0.7289550976186673E+00  0.8118566053406768E+01  0.2078401912767732E+01
  0.5837082116068113E+00  0.1889734115230023E+02  0.5918740117872389E+01
 -0.5685125189667298E+00  0.1847385995181365E+01 -0.5046307654632761E+01
  0.2108197815828573E+01 -0.2621096625498812E+01  0.1337041845211196E+02
 -0.4650642274676621E+01 -0.9278001851462296E+01 -0.1307259250828468E+02
  0.5227260963761813E+00 -0.2244396590866890E+02 -0.6039796462480772E+01
  0.1120764108751324E+02  0.1183950903922404E+02  0.1176407583238609E+01
  0.2036953801623185E+01  0.3201486431343123E+01  0.1917030760383253E+02
 -0.7258775764938825E+01  0.1594646802019240E+02 -0.2455079766685951E+02
 -0.2026974887883386E+01 -0.7985827088401955E+01 -0.3082969300480624E+01
 -0.1546544400576240E+01 -0.1474149944403096E+02  0.3530654207221148E+01
  0.1475761999081932E+01  0.1985809521258762E+01  0.1345814452708591E+01
  0.2205215450630238E+02  0.2245424938544454E+01  0.3994037100177831E+02
  0.1015317005646255E+00  0.3620922686740584E+01 -0.2138382126812587E+02
 -0.9589602283382954E+01 -0.2665094285543296E+02  0.7174563395417762E+01
 -0.1894257105723610E+01  0.8293222048896466E+00 -0.8670304376409586E+01
 -0.2270488801693516E+02  0.1316556342047874E+02 -0.1059533655485854E+02
  0.1232778486550684E+02  0.9837804977930961E+01 -0.1875085509679878E+02
 -0.1925136388166120E+02 -0.1458091981734899E+02  0.2747480707406776E+02
 -0.1009024524269273E+01 -0.5082050110723936E+01 -0.2379496467843261E+01
  0.7760569527301969E+01  0.1496827289945497E+02 -0.7509270136922658E+01
  0.3290882179076700E+00  0.1055636334060587E+01  0.1476346591891590E+00
  0.6999355902199095E+00 -0.3840319310799660E+00 -0.2541761410308216E+01
 -0.2418858898817823E+02  0.1024667589638577E+02  0.2157336177447319E+02
  0.6243796918318187E+00 -0.1598393854850026E+01  0.3129638744304164E+01
  0.4246695975533584E+01 -0.4444064295857256E+01 -0.1694698101008834E+02
 -0.4632224277073844E+00  0.8028064127739098E+00 -0.1333088060427993E+01
  0.1474341900306639E+01 -0.2124429252548822E+01 -0.6127980953689285E+00
 -0.3574862132290302E+01 -0.7406149649818927E+01 -0.9224292659735291E+01
  0.1881993714387456E+01 -0.6112607091180774E+00  0.3544194296582071E+01
 -0.8425671439710708E+00  0.3903849971419403E+00  0.1016401505805020E+01
 -0.8224875398334195E+00  0.4427392262027913E+00  0.1951751075118580E+01
 -0.1583995405573048E+01 -0.9136948683150491E+01  0.3915187631049601E+01
  0.2242793105315830E+01  0.3435074633502362E+01  0.6334273348217201E-01
 -0.8793445050353538E+00  0.9535349594990892E+00  0.8030979475387823E-01
 -0.8808609783953246E+00  0.1816422321393774E+01  0.6672998668227292E-01
 -0.1293358390417980E+00 -0.2742409078796536E+01  0.9314748351475270E+01
 -0.1257957710621432E+01  0.2391284584592560E+00 -0.2833111412556132E+01
  0.1193307350467981E+01 -0.1488509129581959E+00 -0.3017576376371944E+01
 -0.3187826377513591E+00  0.4119489874705976E+00 -0.7125805610396758E+00
  0.7609026204989848E+00  0.4269065130726371E+01 -0.8063566583991285E+01
  0.1246091080164538E+01 -0.1281751752832785E+01  0.2718494180329292E+01
 -0.1228563523633950E+01 -0.5847274390782951E+00  0.2519040222636503E+01
 -0.3956209647758699E+00  0.1895016198918905E+00  0.1062118759216989E+01
 -0.2582727695586598E+01  0.1445840125130520E+02  0.5128168538486008E+01
 -0.9181741584839328E+00 -0.2383027755352876E+01 -0.1842158348841946E+01
 -0.1051123592267194E+01 -0.4491136202237305E+01  0.2828497203094019E+01
 -0.8354617275392679E+01  0.2534113451040190E+02  0.7366149609132936E+01
 -0.1130505400496294E+01 -0.3226136819847604E+01 -0.3941674865448764E+01
 -0.2080275434761485E+00 -0.3945730189941452E+01  0.1138617073031342E+01
  0.4086643452631756E+01 -0.1800305410840994E+02 -0.2664332558104226E+01
  0.6447735509527295E+00  0.3221791311473989E+01 -0.2404683179668582E+01
 -0.1379643192430489E+01  0.4418903517425454E+01  0.3865666163905230E+01
  0.1472967968694679E+02 -0.2839720805948200E+02 -0.1404106813390905E+02
  0.3994960935807863E+01  0.5371617052640650E+01  0.1369303038118414E+01
  0.2591245332494456E+00  0.2913267222408187E+01  0.3811936008130154E+01
 -0.4134268081704075E+01  0.3215846225029223E+02  0.1243294570212787E+02
  0.1201009799542499E+02  0.2892141463645818E+02 -0.8261207513391367E+01
  0.3908453597468008E+01 -0.1207923796168406E+02 -0.6961747331924666E+00
  0.4133848130231671E+01 -0.1785312712553801E+02 -0.2530689477558733E+01
 -0.1269643150590642E+02 -0.1134307126596899E+02  0.7524826096030588E+01
 -0.9653186399717471E+01 -0.7210538585644944E+01 -0.8219682540497736E+01
 -0.6830831868518689E+00  0.8006451350901312E+01  0.1273911957409254E+02
  5 Dihedral Force
  0.2080006571177687E+01 -0.2019959069318190E+01 -0.1464657432923816E+01
 -0.2103011424978691E+02  0.3870381933601384E+01  0.8368638320707250E+01
 -0.1238557225873750E+02  0.1019580510739595E+01  0.1753514418398706E+01
  0.1353244018764254E+02 -0.1719505354716715E+01 -0.1250451844828167E+01
  0.2588829510419816E+01 -0.2984585888646168E+01 -0.5335865240053513E+00
  0.4148615715624745E+01 -0.2932535780707268E+00 -0.1017655160961547E+02
 -0.1917077133871067E+02 -0.1261020675394394E+00  0.9087029928561721E+01
  0.2758856429245526E+02  0.2529438621224392E+01  0.4285399908753191E+01
 -0.2651372365415880E+01 -0.8736315115450045E+00 -0.3608089782282651E+01
 -0.4271605615197998E+02  0.4266688131793815E+00  0.9966729552006182E+01
  0.2136811908314028E+01 -0.2088254772992381E+00 -0.5399256092335923E+00
  0.6254417209639717E+01 -0.1364305293571108E+00 -0.5062593896683101E+00
  0.1775516955825448E+02 -0.5768983246333467E+01 -0.3857723132600284E+01
  0.1993277561549175E+02  0.6332977213383285E+01 -0.1970148847092660E+01
 -0.1570868817062285E+02  0.3491872098917896E+01 -0.1691792570350394E+01
 -0.2739084939183901E+01 -0.3603598570219566E+00  0.3845853957803242E+00
 -0.2293858308092961E+02  0.1039509222079386E+02  0.3004433280723263E+01
  0.1826710387927504E+02 -0.5079604842470239E+01 -0.1010074846544347E+01
 -0.1457780328058858E+01  0.7675850165888145E+00  0.1411577434351047E+01
  0.1530339333864779E+02 -0.5193531475906565E+01  0.1026630971800642E+02
  0.2101389791527403E+02 -0.1354863746483585E+01 -0.1754856191926448E+02
 -0.2898196150804179E+02 -0.6293820417660455E+00  0.1480285559992344E+01
  0.1013886247050523E+02 -0.3849318172443251E+01 -0.1301260156000679E+01
  0.1581675080622533E+02 -0.2088282323387584E+01 -0.1638538454952877E+01
 -0.2045085933504714E+02  0.5841198942625658E+01  0.1527935364082631E+01
  0.1082893211514558E+02  0.1135866975782068E+01 -0.1616471138600793E+01
  0.1465953723135342E+02 -0.8926654979573312E+01 -0.4807038111656164E+01
  0.1577113643623616E+00  0.2810569881962555E+00  0.4884315954554936E+00
 -0.6311747909365896E+01  0.2218779768807677E+01 -0.6308834287358207E+00
  0.1199752245379809E+01 -0.2434856090759300E+01 -0.1661258435487344E+01
  0.9677319972353548E+01 -0.3786394550598635E+01  0.4607535242749793E+01
 -0.8335123116709861E+01  0.2801207042731052E+01 -0.3125264554778663E+01
 -0.1502654817963101E+01  0.7037753258649608E+00 -0.1078231344716064E+01
  0.7778177192140237E+00 -0.5962139629786642E+00 -0.4453512424487253E+00
  0.3868243497339479E+01 -0.1674501559679350E+01  0.1095938615742382E+01
  0.1162889975515062E+02  0.8935196383050037E+01  0.1236199231577590E+01
 -0.1040737191096043E+02 -0.7451931478498702E+01 -0.1237216174069493E+00
 -0.1527756893363741E+01 -0.8741661550543395E+00 -0.4923485899473860E+00
  0.8057855400594717E+00  0.1244324124743181E+00 -0.1762750690233394E+00
 -0.3099278722220373E+01  0.4267642298975549E-01 -0.1560757946438234E+01
 -0.4888928391458591E-02  0.3368969208935329E-01  0.5735526435992781E-01
 -0.3833208986535305E-01  0.1141736610783963E+00 -0.1899402639742720E+00
 -0.1069783979963561E+00 -0.3211192519741970E-02 -0.3445443799323097E+00
 -0.1849215618976446E+01 -0.1794965114732249E+01  0.1586375928215481E+01
  0.7959015251768502E-02 -0.4505846767236019E-01 -0.1270608791625754E-02
 -0.1130079690548348E+00 -0.2661180555453901E+00 -0.4991253810664714E-01
 -0.1373723171360819E+00 -0.4063134706937903E+00  0.2233030038090120E-01
  0.1900807298337840E+01 -0.2196762492363169E-01  0.2448804218937971E+01
  0.2386510660687383E-01  0.1625965445460984E-01 -0.6961009107716093E-01
 -0.3782682061941777E-01  0.4980740847824346E-02 -0.1164302562792243E+00
 -0.4569751490828282E-01 -0.1673187764137077E+00  0.6005600920207885E+00
 -0.2728528823703822E+01  0.1676882299932895E+01 -0.1466812067335065E+01
  0.1182830157536247E-01  0.3306824288372928E-01 -0.1006435007730556E-01
 -0.1718980137944503E-01  0.7343171287225364E-01 -0.6773466532364610E-01
 -0.3556590286345401E-01  0.8482370898315483E-01 -0.3856597550341861E+00
 -0.3224459890537163E+01 -0.1428373392358362E+01  0.4825780075080036E-01
 -0.1274846374884310E+01 -0.2150973620811153E+00 -0.3527401353224914E+00
 -0.1018611289687809E+01 -0.2645555548146056E+00  0.5432369459343104E+00
 -0.5519590019463462E+01  0.4497330608404058E-01 -0.3191482530794666E+00
 -0.9508737534424775E+00  0.7437581702596775E-02 -0.3798160993122603E+00
 -0.8965357303537862E+00 -0.3258652435365705E+00  0.2583379973302354E+00
  0.2897315229620087E+00  0.6364229796437246E-01 -0.4582557553906900E+00
  0.1909394721882288E+00 -0.5057833587136900E+00 -0.5088179362979866E+00
  0.3862986106402911E+00  0.5200743352525229E-01  0.2961325918228974E+00
  0.7886050666941144E-01 -0.1432419303132224E+00  0.3497598246567278E+00
  0.6292030645888300E+00  0.6445272635786659E+00  0.2496770237346302E+00
  0.2586029563498584E+00  0.3550426704276082E+00  0.5433764540077736E+00
  0.2531444436387755E+01  0.1051084685255317E+01 -0.1728851030212307E+01
  0.2161759674344648E+01  0.5002210655814594E+00  0.9688244135459102E+00
  0.4506194799624796E+00  0.1236659719400361E+01 -0.4062643332888363E+00
  0.2779743335540198E+00  0.3561824578287686E+00  0.9137251961074229E+00
  0.1314529992119990E+01  0.3736285675004813E+01 -0.2025164970049532E+00
  0.9439949896955027E+00  0.1987392713939164E+01  0.1224862755272504E+01
 -0.2205758840178169E+01  0.1028654229380997E+01  0.7974522404763715E+00
  6 Van der Waals Force
 -0.4378594516941473E-01 -0.1575475529745638E+01  0.1214028356027126E+00
  0.1421851184936897E+00 -0.7438794026727354E+00  0.1320103113629649E+01
 -0.9044820618235966E-01 -0.1469983161061020E+01  0.6972476197143457E-01
  0.3850658669494801E+00  0.4243672167838870E+00  0.7606276603186307E+00
 -0.2229095801641093E+00  0.2670942501011432E+00 -0.3993813781670263E+00
  0.2846782688280488E+00  0.1032562506239573E+01 -0.3548919565188600E+01
  0.9615565528230030E+00 -0.2308874463207923E+00 -0.3800215806988740E+00
  0.4763624177364683E+00  0.1914683375682953E+01  0.1284107039799692E+01
  0.2973824677535901E+00  0.7901975939747199E+00  0.8860577146080296E+00
  0.2734781225642156E+00  0.3024825534276264E+00  0.1391389147088803E+01
 -0.6186779303225213E+00 -0.8953765686968369E+00 -0.4454075171623205E+00
 -0.3129361217814028E+00  0.1357336894485013E+00 -0.4255892721003890E+00
 -0.2499889802683399E+00 -0.2095598563042407E+01 -0.9413525719545952E+00
 -0.8530308939207484E+00 -0.5885743264825114E+00 -0.2626060987330205E+01
 -0.1004621921482214E+00  0.7510848719311103E+00 -0.1160275482075637E+01
 -0.7385800687376424E+00 -0.7090534918859750E+00  0.4502487776444111E+00
  0.3566064255463530E+00  0.1933743319274690E+01 -0.4654127804760447E+00
  0.1503161409181334E+00  0.1215294077686851E+01 -0.4940932333428967E+00
  0.3581211391823279E+00 -0.1722670410049712E+00  0.4669350207587964E+00
  0.3430176383675694E+00 -0.7276922357523097E-01  0.3560889095540757E+01
 -0.1069483396431802E+01 -0.3611695221083583E+00  0.1337076004253508E+01
 -0.2236801646958229E+00 -0.1484371608784808E+01 -0.8289464637866575E+00
  0.1257676709635840E+00  0.7380261964534074E-01  0.3201082267791390E+00
 -0.3327526277045351E+00 -0.9151842203309400E+00 -0.8625663537719507E+00
 -0.3147490533342191E-01 -0.6294481509232559E-01 -0.1476231201678197E+01
  0.1457597435566441E+01  0.5382170739796496E+01  0.1763436020583268E+01
 -0.3747783747423339E+00  0.6867298289744894E+01 -0.1751627348798696E+01
 -0.6065619299962846E-02  0.7703104334090965E-02  0.3437903041824930E-02
  0.1741480376113872E+00  0.3662342550807426E+00  0.1165670643549516E+00
 -0.5343557303363121E+00 -0.1502554683596331E+01 -0.3350169427339688E+01
 -0.2150307595845009E+01 -0.3090134567586834E+01 -0.5759134005302994E+01
  0.4321616498548397E-01 -0.1058495890846885E+01  0.3598680824374493E+00
  0.1552452249903115E+00 -0.7183207735923079E+00 -0.7372056314374710E-01
  0.2666735335725780E-01  0.1819469764832298E-01 -0.7354959305059096E-01
 -0.3765127819454045E+00 -0.3564573922246200E+01  0.1449028910217236E+01
 -0.6021597843153537E+00 -0.1033605721766059E+01  0.1004867490142848E+01
  0.2721041876850862E+00  0.1760120191054447E+00  0.4896662730874348E+00
  0.1493050837637381E+00 -0.1716824527960042E+00  0.1211854098308000E+00
  0.7222429257537423E-01 -0.1108930895595623E+00 -0.9854000845101449E-02
 -0.2474406323495680E+00 -0.4963207117692889E+00 -0.1793659552871485E+01
 -0.6149965693659923E-02  0.4546582529066286E-01  0.4991488592320863E-01
 -0.2660747803119244E+00  0.8118756384711653E+00 -0.5212203598092791E+00
 -0.7042445356666146E+00 -0.1807939697620278E+01 -0.2835548900996831E+01
  0.4761909429468805E+00 -0.2918255365266052E+01  0.2679873517099875E+01
 -0.1169376590482419E-01  0.6580605187097856E-01 -0.3309843882190544E-02
 -0.2247608483319290E+00 -0.3602309334833556E+00 -0.2503329949706076E+00
 -0.1888434515184690E+00 -0.6621059497905161E+01  0.5327021873657774E+01
 -0.1578954956030227E+00  0.1131152128453949E+01  0.3053341131741084E+01
 -0.9244717644307689E-01  0.2010035863689559E+00  0.2896885017638165E+00
  0.1551109282331927E+00  0.3879584765830380E+00  0.3426390171641898E+00
  0.1187444962476148E+00 -0.4609646469939998E+01  0.4584580237113234E+01
  0.6779465600223892E+00  0.1365346983880412E+01 -0.2071625910811665E+01
  0.2351619712167514E-01  0.6245917727735641E-01  0.3522512781717428E-01
  0.6853528801925238E-01  0.1044477155173951E+01 -0.5430162030158530E+00
 -0.1715992314557689E+00 -0.1746661024081176E+01 -0.3930208532085572E+01
 -0.8104101325592472E+00 -0.1782640153569865E+01  0.7472835675197086E+00
 -0.1056227021599558E+01  0.2073540904763442E+01  0.2703325931096735E+01
 -0.1037128472090062E+01  0.8810790730509260E-01 -0.2163044101793449E+00
  0.2052050278979948E+00  0.1246974336319857E+01 -0.4411890067361385E+00
 -0.2698107108586536E+00  0.1101274204642442E+01  0.2448333041727133E+01
 -0.7759181785684948E+00  0.4373172382084508E+01 -0.2402421474839245E+01
  0.1966977625053742E+00  0.2031684973921234E+00  0.1977874336306528E+00
  0.2319708079787383E+00 -0.6122675171034374E+00 -0.3248985285726129E+00
  0.3268075428431743E+00 -0.4877354459144061E-01  0.2170448090577621E+00
  0.1280826401312522E+00  0.2071683206372349E+00 -0.1500555195735829E+00
  0.4851852845928900E+00  0.1637656753638048E+00 -0.1688409143289427E+00
  0.2164093016247187E+00 -0.4376162122223776E+00  0.7177748842477133E-01
  0.3298748977989521E+00  0.3660123383589077E-01  0.1232820093002262E-01
  0.1008343047978540E+01  0.4017559684498035E+00 -0.6295505693904904E-01
  0.3039943063426084E+00  0.8683509635193226E+00  0.6192014611147867E-01
  0.1314835511004112E+00  0.5225506512203353E+00  0.1180450791901233E+00
  0.2026915526492008E+01  0.4220078209362899E+01 -0.3345702917601447E-01
  0.8571343312116204E+00  0.1575554294884050E+01  0.4517621015860259E+00
  0.4798412465487623E+00  0.2129393972895002E+00  0.1527389217564796E+00
  7 Direct sum electrostatic Force
 -0.7995600457792397E-01 -0.2479420893853434E+00  0.8949757575877745E-01
  0.1823345793168286E+00 -0.8016695270163119E+00  0.2825450055823076E+00
  0.1673311325816116E-01 -0.8705062756597678E-01  0.5480857098236727E-01
 -0.6525405728060579E-03 -0.8107906269917513E-02 -0.5838304291182844E-02
  0.7839272663994311E+00 -0.1537048527874376E+01  0.9353054463301529E+00
 -0.4065374613524372E-01  0.3151516996577796E+00 -0.1246511483536141E+00
 -0.5048305013844137E-02  0.1185067010559493E+00 -0.3701763565545825E+00
  0.3506311246305540E+00  0.4449834122958156E+00  0.1583744879289967E+01
  0.1553434576257322E+00 -0.1468268696360139E-01 -0.9513401415734771E-01
  0.8400810997546518E-01 -0.1495066393075119E-01  0.2049043096533151E+00
 -0.1005286512985895E+00 -0.2493972643917568E+00  0.4936336098867562E-01
 -0.6851299942157668E-03  0.5975449290402094E-01 -0.4673189454482325E-01
  0.5427677297230088E-02 -0.3895911525415437E-01 -0.3102590811476365E-01
  0.7065885851288529E+00  0.8848940872600966E+00  0.1510941438272356E+00
  0.3437441963249829E-01  0.3033403281569910E-01 -0.1991133353253491E+00
 -0.2278120484812101E+00 -0.4591123000749833E+00 -0.6558833446610889E-01
  0.1010799279371504E+00  0.1596801984069331E+00 -0.4669239580603637E+00
 -0.4648923033869989E-02  0.3278827001891198E-02 -0.3310367146872014E-02
  0.2485344417933660E-01  0.3670580715379768E-01  0.2643122404225932E-01
 -0.5363764257853373E-01  0.3146203119288905E-02  0.1227436251251208E+00
  0.1787002742093663E-01  0.2712925027297814E+00  0.6019486880764644E+00
  0.1203591905994271E+00 -0.5556346430136778E+00 -0.1369302655676456E+01
 -0.1771978430827939E-01  0.7212134699115280E-01  0.2340393686044332E+00
  0.9948027619852705E-01  0.6021648191022223E-01  0.1185605277979634E+00
 -0.9397977131438570E-02 -0.9471354560355409E+00 -0.7169499310303564E+00
 -0.9344576694469944E-01  0.4357143939702024E+00  0.8885289614478925E-01
  0.1463908820599793E+00  0.6453565491885312E+00  0.2032690058185978E+00
  0.8062657197795176E+00  0.8189601106597691E+00  0.4137150515235296E+00
  0.3039551252382221E-02 -0.1807631846839373E+00 -0.2703126223167318E+00
 -0.4375209312542890E-01 -0.3957680210200919E+00  0.8880969739207542E-01
 -0.2666102193869450E+00  0.7336970689337529E+00  0.7789242977692121E+00
 -0.2294880498881132E+00 -0.8457939013646734E+00 -0.6151764067963420E+00
  0.2425772291772129E+00  0.2896342755264865E+00 -0.6728777139539288E-01
  0.1519270724841188E+00 -0.4764441960792382E-01 -0.4238677428092704E+00
 -0.8560381980787618E-01  0.1296076522289475E+00 -0.1309998219108099E+00
 -0.6073689068066901E+00  0.7425711193711303E+00 -0.1916877889349576E+00
 -0.7623621855646578E-01 -0.1017649265231988E+01  0.2891356168116869E+00
 -0.1544169157177224E+00  0.7436406394822113E+00 -0.4811004830013916E+00
  0.1393830198208840E+00  0.1423644495469061E+00 -0.3686637870800998E+00
  0.5203791990948484E-01  0.5545835430277355E+00 -0.4901918505378271E+00
 -0.4870627859679946E-01 -0.2235710194444734E-01  0.3026315668055515E+00
  0.6209231919439388E-01 -0.1224415042419237E+00  0.3801647944051255E+00
  0.3967902052131157E-01 -0.2035932443927191E+00  0.1744922891739880E+00
  0.5033495110648852E-01  0.4770114694964557E-01  0.1355371959405486E+00
 -0.7473793053535869E-03  0.3713864635054917E-01  0.1582771373858778E-01
  0.2111186068033222E-01  0.4278337317692567E-01  0.1381352632889690E-01
  0.1435656607497119E-01  0.1736240386108615E-01  0.3198577149557573E-01
 -0.3549402826390945E+00 -0.1578109361497213E+01 -0.8328293540758167E-01
  0.8772936390283687E-01  0.3723288754079334E+00 -0.2782980727427157E+00
  0.8565740283997625E-01  0.5140128714164457E+00 -0.1891817045856169E+00
  0.2313252756375115E+00  0.3704543863979778E+00 -0.2844434858049733E+00
 -0.3089414125501663E+00 -0.4773312320368067E+00 -0.2318317453664454E+00
  0.9215718600331345E-01  0.1619020950612337E+00  0.1842185364088256E+00
  0.1170964333368225E+00  0.1982068031405904E+00  0.1401497748187153E+00
  0.1464146532313015E+00  0.1330388255092959E+00  0.1963696892683793E+00
 -0.2381775824582653E+00 -0.3430107496170936E+00  0.3217156389110074E-01
  0.2365917504302996E+00  0.3977565540379704E+00  0.1583523814176330E+00
  0.2742693904333672E+00  0.5782433297628253E+00 -0.1804576641195937E+00
 -0.1316797048130461E+01 -0.1550545650935163E+01 -0.7443666760374591E+00
  0.4629779925298354E+00  0.7070485897644895E+00  0.5610512239937258E+00
  0.3311335010521953E+00  0.5108373657587599E+00 -0.4085933989443774E-01
 -0.4200100770240817E-01 -0.1902097326165834E-01 -0.8088593019280622E-01
 -0.1933084471865447E-01 -0.9264182139201158E-01 -0.2940233417963280E-01
 -0.5863966174966323E-02 -0.8393699525958040E-01  0.3103823216820358E-01
 -0.2297789709237911E-02 -0.1241275419642634E-02  0.3880530538837891E-02
  0.8032493284980821E-01  0.4187741486180451E+00  0.3365222816187035E+00
  0.1198519712446380E+00  0.5592346826671140E+00  0.3933365205228852E-01
  0.1220888447563100E+01  0.9835802334375805E+00 -0.1622538200992506E+01
  0.1098185955913068E+01  0.1692574246140516E+00  0.2443557797152940E+01
 -0.1293728684109049E+00  0.3671646574575826E+00 -0.2382205497557792E+01
 -0.1122743434035940E+00 -0.7290348220430360E+00  0.1819728476297278E+01
 -0.1199973668187925E+01 -0.1836402957769421E+00 -0.2770691232282927E+01
 -0.7408125513366525E+00 -0.1154086063547665E+01  0.2344932642329792E+01
 -0.2378911801944902E+01 -0.2727213175772952E+00 -0.2109736296944977E+00
  8 Reciprocal sum electrostatic Force
 -0.5192175403179372E-01 -0.1901804937138441E+01  0.3247005525310174E+00
  0.4894204345644622E+00 -0.1386163459349759E+01  0.1749311175616610E+01
 -0.6504100041639856E-01 -0.1568016967035715E+01  0.1556494200327445E+00
  0.3860413015171158E+00  0.1649188844951286E+00  0.8935626971014154E+00
  0.4366367834202035E+00 -0.4800356950612953E+00  0.1469561699555495E+00
  0.2353341046333661E+00  0.8375609887554125E+00 -0.1956194125796708E+01
  0.1923702969684534E+00 -0.1111505235737194E+01  0.3373992024595418E+00
  0.1133774273624442E+01  0.2538053900983184E+01  0.2828835761309576E+01
  0.2542067576537979E+00  0.5011620501492373E+00  0.9948785431074396E+00
  0.4377067930340866E+00  0.5334831805913564E+00  0.1582991249739861E+01
 -0.4878659918519471E+00 -0.5940282419161905E+00 -0.2154232518893292E+00
 -0.2557077983882046E+00  0.3118823310197271E+00 -0.6608335376200350E-01
 -0.3197803807746046E+00 -0.9022850371821038E+00 -0.5591580669532241E+00
 -0.2131312990828466E+00  0.7821701013082927E+00 -0.7453917173573980E+00
  0.1589135716889142E-01  0.9923948397861284E+00 -0.1268766814031174E+01
 -0.4370407571250830E+00 -0.1131035173256796E+00  0.5514352787117632E+00
  0.5459535960438970E+00  0.2135491182433182E+01 -0.1004537206673139E+01
  0.1039866350180862E+00  0.1230097424355055E+01 -0.5550481228890821E+00
  0.4275367665700194E+00  0.6029587841928900E-01  0.2352852986604421E+00
 -0.1648574282061945E+00 -0.3299800727411417E+00  0.1504112102050511E+01
 -0.7476250064527733E+00 -0.1020378781362608E+00 -0.7090814172925302E+00
  0.1200273898293026E+00 -0.1730913920230558E+01 -0.2055887083367940E+01
  0.3778457246251646E-01 -0.9777759795040923E+00 -0.5486556573573729E+00
 -0.3298284922132340E+00 -0.9997085145178625E+00 -0.9034271687969447E+00
  0.1275059130813014E+00 -0.6697846457090817E+00 -0.1546073687594015E+01
  0.1578438162835135E+00  0.2081969261939160E+01  0.8420934236242303E+00
 -0.6549823424264273E+00 -0.4424283842860128E+00 -0.7476195602657874E+00
  0.1577113643623616E+00  0.2810569881962555E+00  0.4884315954554936E+00
  0.1370955515016641E+00  0.1262771592555915E+00 -0.2424341810705848E+00
 -0.6563881306643031E+00 -0.1856475369405009E+01 -0.2053222034721091E+01
 -0.4806778560820113E+00 -0.1482018865533440E+00  0.1098831239204884E+01
 -0.3557511677638414E-01 -0.4449125907318130E-01 -0.3731971175846616E+00
  0.1642123138161544E+00  0.4503526725092889E-02 -0.4497941172161723E+00
  0.1056372168840502E+00 -0.3384424101748799E+00 -0.6844212605744681E+00
 -0.1120612879403506E+00 -0.2533829786766239E+01  0.1408408177075601E+01
 -0.6489541576529954E+00  0.5814717392669138E+00  0.3789759840208499E+00
  0.2094079902613268E+00 -0.2458242811865012E+00  0.5241372918329128E+00
 -0.8513605831900975E-01  0.1494815656178260E+00 -0.3065287533048181E+00
  0.2100783872622461E+00 -0.2888612525653965E+00 -0.2323260501762682E+00
 -0.2451302883163501E+00 -0.6419419331706225E+00 -0.1931667325943155E+01
 -0.4888928391458591E-02  0.3368969208935329E-01  0.5735526435992781E-01
 -0.3833208986535305E-01  0.1141736610783963E+00 -0.1899402639742720E+00
 -0.1069783979963561E+00 -0.3211192519741970E-02 -0.3445443799323097E+00
  0.6586406104855835E-02 -0.2110903614147842E+01  0.1237279430918015E+01
  0.7959015251768502E-02 -0.4505846767236019E-01 -0.1270608791625754E-02
 -0.1130079690548348E+00 -0.2661180555453901E+00 -0.4991253810664714E-01
 -0.1373723171360819E+00 -0.4063134706937903E+00  0.2233030038090120E-01
 -0.1253642600912159E+00  0.2365916246431228E+00  0.2438672879734185E+01
  0.2386510660687383E-01  0.1625965445460984E-01 -0.6961009107716093E-01
 -0.3782682061941777E-01  0.4980740847824346E-02 -0.1164302562792243E+00
 -0.4569751490828282E-01 -0.1673187764137077E+00  0.6005600920207885E+00
  0.2101245357331387E+00  0.1148503370947537E+01 -0.1694889568779873E+01
  0.1182830157536247E-01  0.3306824288372928E-01 -0.1006435007730556E-01
 -0.1718980137944503E-01  0.7343171287225364E-01 -0.6773466532364610E-01
 -0.3556590286345401E-01  0.8482370898315483E-01 -0.3856597550341861E+00
 -0.1265151942170751E+01 -0.2270544590224441E+01 -0.1643381192346077E+00
 -0.1309599638700163E+01  0.4534393160415673E-01 -0.1791509970640312E+00
 -0.1042260371051885E+01 -0.1776856459904188E+00  0.4865160219901609E+00
 -0.1411787252232617E+01 -0.9405088038320097E+00 -0.4195008165018319E+00
 -0.9556976956855981E+00  0.1980938199268484E-01 -0.3628002316944167E+00
 -0.9536188814028234E+00  0.2375388727851613E-01  0.1786026139983528E+00
  0.3607694274927909E+00  0.4957166951133607E+00  0.7078632401687615E-02
  0.1967784439258260E+00 -0.6967430960219958E+00 -0.4005821643245405E+00
  0.4275801363077404E+00 -0.3657033540150444E-01  0.2199475783885124E+00
  0.2770331080517703E+00  0.3954078120643792E+00  0.1270286442864290E+00
  0.6315003315894829E+00  0.6335830565789949E+00  0.2518591499148642E+00
  0.3490915365232560E+00  0.1337705465531419E+00  0.1983535557954868E+00
  0.1396291559558832E+01  0.5259128533353254E+00  0.3113672438317349E+00
  0.1702656424344120E+01  0.5393828051627531E+00 -0.1727965005212929E+00
  0.6400164797615656E+00  0.1213689712258526E+01 -0.3852597802013222E-01
  0.6894084763105367E+00  0.5354260107646519E+00  0.1998462347214400E+00
  0.1439394360073457E+01  0.3717889733257271E+01  0.1112180839137881E+00
  0.1340756505276183E+01  0.2162482645788191E+01  0.5312262297318823E+00
 -0.2205758840178169E+01  0.1028654229380997E+01  0.7974522404763715E+00
  9 Adjust sum electrostatic Force
 -0.5192175403179372E-01 -0.1901804937138441E+01  0.3247005525310174E+00
  0.4894204345644622E+00 -0.1386163459349759E+01  0.1749311175616610E+01
 -0.6504100041639856E-01 -0.1568016967035715E+01  0.1556494200327445E+00
  0.3860413015171158E+00  0.1649188844951286E+00  0.8935626971014154E+00
  0.4366367834202035E+00 -0.4800356950612953E+00  0.1469561699555495E+00
  0.2353341046333661E+00  0.8375609887554125E+00 -0.1956194125796708E+01
  0.1923702969684534E+00 -0.1111505235737194E+01  0.3373992024595418E+00
  0.1133774273624442E+01  0.2538053900983184E+01  0.2828835761309576E+01
  0.2542067576537979E+00  0.5011620501492373E+00  0.9948785431074396E+00
  0.4377067930340866E+00  0.5334831805913564E+00  0.1582991249739861E+01
 -0.4878659918519471E+00 -0.5940282419161905E+00 -0.2154232518893292E+00
 -0.2557077983882046E+00  0.3118823310197271E+00 -0.6608335376200350E-01
 -0.3197803807746046E+00 -0.9022850371821038E+00 -0.5591580669532241E+00
 -0.2131312990828466E+00  0.7821701013082927E+00 -0.7453917173573980E+00
  0.1589135716889142E-01  0.9923948397861284E+00 -0.1268766814031174E+01
 -0.4370407571250830E+00 -0.1131035173256796E+00  0.5514352787117632E+00
  0.5459535960438970E+00  0.2135491182433182E+01 -0.1004537206673139E+01
  0.1039866350180862E+00  0.1230097424355055E+01 -0.5550481228890821E+00
  0.4275367665700194E+00  0.6029587841928900E-01  0.2352852986604421E+00
 -0.1648574282061945E+00 -0.3299800727411417E+00  0.1504112102050511E+01
 -0.7476250064527733E+00 -0.1020378781362608E+00 -0.7090814172925302E+00
  0.1200273898293026E+00 -0.1730913920230558E+01 -0.2055887083367940E+01
  0.3778457246251646E-01 -0.9777759795040923E+00 -0.5486556573573729E+00
 -0.3298284922132340E+00 -0.9997085145178625E+00 -0.9034271687969447E+00
  0.1275059130813014E+00 -0.6697846457090817E+00 -0.1546073687594015E+01
  0.1578438162835135E+00  0.2081969261939160E+01  0.8420934236242303E+00
 -0.6549823424264273E+00 -0.4424283842860128E+00 -0.7476195602657874E+00
  0.1577113643623616E+00  0.2810569881962555E+00  0.4884315954554936E+00
  0.1370955515016641E+00  0.1262771592555915E+00 -0.2424341810705848E+00
 -0.6563881306643031E+00 -0.1856475369405009E+01 -0.2053222034721091E+01
 -0.4806778560820113E+00 -0.1482018865533440E+00  0.1098831239204884E+01
 -0.3557511677638414E-01 -0.4449125907318130E-01 -0.3731971175846616E+00
  0.1642123138161544E+00  0.4503526725092889E-02 -0.4497941172161723E+00
  0.1056372168840502E+00 -0.3384424101748799E+00 -0.6844212605744681E+00
 -0.1120612879403506E+00 -0.2533829786766239E+01  0.1408408177075601E+01
 -0.6489541576529954E+00  0.5814717392669138E+00  0.3789759840208499E+00
  0.2094079902613268E+00 -0.2458242811865012E+00  0.5241372918329128E+00
 -0.8513605831900975E-01  0.1494815656178260E+00 -0.3065287533048181E+00
  0.2100783872622461E+00 -0.2888612525653965E+00 -0.2323260501762682E+00
 -0.2451302883163501E+00 -0.6419419331706225E+00 -0.1931667325943155E+01
 -0.4888928391458591E-02  0.3368969208935329E-01  0.5735526435992781E-01
 -0.3833208986535305E-01  0.1141736610783963E+00 -0.1899402639742720E+00
 -0.1069783979963561E+00 -0.3211192519741970E-02 -0.3445443799323097E+00
  0.6586406104855835E-02 -0.2110903614147842E+01  0.1237279430918015E+01
  0.7959015251768502E-02 -0.4505846767236019E-01 -0.1270608791625754E-02
 -0.1130079690548348E+00 -0.2661180555453901E+00 -0.4991253810664714E-01
 -0.1373723171360819E+00 -0.4063134706937903E+00  0.2233030038090120E-01
 -0.1253642600912159E+00  0.2365916246431228E+00  0.2438672879734185E+01
  0.2386510660687383E-01  0.1625965445460984E-01 -0.6961009107716093E-01
 -0.3782682061941777E-01  0.4980740847824346E-02 -0.1164302562792243E+00
 -0.4569751490828282E-01 -0.1673187764137077E+00  0.6005600920207885E+00
  0.2101245357331387E+00  0.1148503370947537E+01 -0.1694889568779873E+01
  0.1182830157536247E-01  0.3306824288372928E-01 -0.1006435007730556E-01
 -0.1718980137944503E-01  0.7343171287225364E-01 -0.6773466532364610E-01
 -0.3556590286345401E-01  0.8482370898315483E-01 -0.3856597550341861E+00
 -0.1265151942170751E+01 -0.2270544590224441E+01 -0.1643381192346077E+00
 -0.1309599638700163E+01  0.4534393160415673E-01 -0.1791509970640312E+00
 -0.1042260371051885E+01 -0.1776856459904188E+00  0.4865160219901609E+00
 -0.1411787252232617E+01 -0.9405088038320097E+00 -0.4195008165018319E+00
 -0.9556976956855981E+00  0.1980938199268484E-01 -0.3628002316944167E+00
 -0.9536188814028234E+00  0.2375388727851613E-01  0.1786026139983528E+00
  0.3607694274927909E+00  0.4957166951133607E+00  0.7078632401687615E-02
  0.1967784439258260E+00 -0.6967430960219958E+00 -0.4005821643245405E+00
  0.4275801363077404E+00 -0.3657033540150444E-01  0.2199475783885124E+00
  0.2770331080517703E+00  0.3954078120643792E+00  0.1270286442864290E+00
  0.6315003315894829E+00  0.6335830565789949E+00  0.2518591499148642E+00
  0.3490915365232560E+00  0.1337705465531419E+00  0.1983535557954868E+00
  0.1396291559558832E+01  0.5259128533353254E+00  0.3113672438317349E+00
  0.1702656424344120E+01  0.5393828051627531E+00 -0.1727965005212929E+00
  0.6400164797615656E+00  0.1213689712258526E+01 -0.3852597802013222E-01
  0.6894084763105367E+00  0.5354260107646519E+00  0.1998462347214400E+00
  0.1439394360073457E+01  0.3717889733257271E+01  0.1112180839137881E+00
  0.1340756505276183E+01  0.2162482645788191E+01  0.5312262297318823E+00
 -0.2205758840178169E+01  0.1028654229380997E+01  0.7974522404763715E+00
