%VERSION  VERSION_STAMP = V0001.000  DATE = 02/01/13  17:24:46                  
%FLAG TITLE                                                                     
%FORMAT(20a4)                                                                   
default_name                                                                    
%FLAG POINTERS                                                                  
%FORMAT(10I8)                                                                   
      74       9      30      51      62      86      92     144       0       0
     432       1      51      86     144      20      42       7      13       0
       0       0       0       0       0       0       0       0      74       0
       0
%FLAG ATOM_NAME                                                                 
%FORMAT(20a4)                                                                   
NC  C1C C4C C2C C3C CHD HHD C1D ND  C4D C3D C2D CHA HHA C1A C2A C4A NA  C3A CHB 
HHB C1B C2B NB  C4B CHC HHC FE  C3B CAB HAB CBB HBB1HBB2CAC HAC CBC HBC1HBC2CMB 
HMB1HMB2HMB3CMC HMC1HMC2HMC3CMD HMD1HMD2HMD3CMA HMA1HMA2HMA3CAA HAA1HAA2CAD HAD1
HAD2CBA HBA1HBA2CBD HBD1HBD2CGD CGA O1A O1D O2A O2D O1  
%FLAG CHARGE                                                                    
%FORMAT(5E16.8)                                                                 
 -6.06802590E-01 -1.52338428E+00 -2.69690040E-01 -4.55557500E-02 -2.98116828E+00
  8.56448100E-01  1.40858379E+00 -2.28872088E+00  1.24822755E+00 -6.19558200E-01
 -5.92224750E-01  5.24802240E-01 -2.25956520E-01  3.49868160E+00 -6.65113950E-01
 -1.14071598E+00 -9.89470890E-01 -2.73334500E-02  1.76756310E-01  3.82668300E-01
  1.82951892E+00 -2.10649788E+00  1.46689515E+00  6.17735970E-01 -1.57805118E+00
  1.03684887E+00  1.34845020E+00  4.77424260E+00 -4.31868510E-01 -1.75480749E+00
  2.13018687E+00 -7.22878641E+00  2.56934430E+00  2.56934430E+00  1.66734045E+00
  1.39765041E+00 -8.59181445E+00  2.76432291E+00  2.76432291E+00 -2.29236534E+00
  7.23425310E-01  7.23425310E-01  7.23425310E-01  6.43247190E-01  8.92892700E-02
  8.92892700E-02  8.92892700E-02 -3.86859429E+00  1.18991619E+00  1.18991619E+00
  1.18991619E+00 -1.36120581E+00  5.57602380E-01  5.57602380E-01  5.57602380E-01
 -2.09556450E-01  4.61024190E-01  4.61024190E-01 -1.20084957E+00  6.63291720E-01
  6.63291720E-01 -5.53957920E-01 -4.19112900E-02 -4.19112900E-02 -4.00890600E-02
  2.55112200E-01  2.55112200E-01  1.04760003E+01  1.16659165E+01 -1.18590728E+01
 -1.19392510E+01 -1.18590728E+01 -1.19392510E+01 -6.79509567E+00
%FLAG ATOMIC_NUMBER                                                             
%FORMAT(10I8)                                                                   
       7       6       6       6       6       6       1       6       7       6
       6       6       6       1       6       6       6       7       6       6
       1       6       6       7       6       6       1       9       6       6
       1       6       1       1       6       1       6       1       1       6
       1       1       1       6       1       1       1       6       1       1
       1       6       1       1       1       6       1       1       6       1
       1       6       1       1       6       1       1       6       6       8
       8       8       8       8
%FLAG MASS                                                                      
%FORMAT(5E16.8)                                                                 
  1.40100000E+01  1.20100000E+01  1.20100000E+01  1.20100000E+01  1.20100000E+01
  1.20100000E+01  1.00800000E+00  1.20100000E+01  1.40100000E+01  1.20100000E+01
  1.20100000E+01  1.20100000E+01  1.20100000E+01  1.00800000E+00  1.20100000E+01
  1.20100000E+01  1.20100000E+01  1.40100000E+01  1.20100000E+01  1.20100000E+01
  1.00800000E+00  1.20100000E+01  1.20100000E+01  1.40100000E+01  1.20100000E+01
  1.20100000E+01  1.00800000E+00  5.58500000E+01  1.20100000E+01  1.20100000E+01
  1.00800000E+00  1.20100000E+01  1.00800000E+00  1.00800000E+00  1.20100000E+01
  1.00800000E+00  1.20100000E+01  1.00800000E+00  1.00800000E+00  1.20100000E+01
  1.00800000E+00  1.00800000E+00  1.00800000E+00  1.20100000E+01  1.00800000E+00
  1.00800000E+00  1.00800000E+00  1.20100000E+01  1.00800000E+00  1.00800000E+00
  1.00800000E+00  1.20100000E+01  1.00800000E+00  1.00800000E+00  1.00800000E+00
  1.20100000E+01  1.00800000E+00  1.00800000E+00  1.20100000E+01  1.00800000E+00
  1.00800000E+00  1.20100000E+01  1.00800000E+00  1.00800000E+00  1.20100000E+01
  1.00800000E+00  1.00800000E+00  1.20100000E+01  1.20100000E+01  1.60000000E+01
  1.60000000E+01  1.60000000E+01  1.60000000E+01  1.60000000E+01
%FLAG ATOM_TYPE_INDEX                                                           
%FORMAT(10I8)                                                                   
       1       2       2       2       2       3       4       2       1       2
       2       2       3       4       2       2       2       1       2       3
       4       2       2       1       2       3       4       5       2       2
       4       2       4       4       2       4       2       4       4       6
       7       7       7       6       7       7       7       6       7       7
       7       6       7       7       7       6       7       7       6       7
       7       6       8       8       6       8       8       2       2       9
       9       9       9       9
%FLAG NUMBER_EXCLUDED_ATOMS                                                     
%FORMAT(10I8)                                                                   
      21      18      16      13      14       9       3      14      15      15
      16      10       9       3      13      16      14      10      12       9
       3      12      12       8       9       5       1       2       9       5
       3       2       1       1       5       3       2       1       1       3
       2       1       1       3       2       1       1       4       2       1
       1       4       2       1       1       8       5       4       8       5
       4       5       4       3       5       4       3       2       2       1
       1       1       1       1
%FLAG NONBONDED_PARM_INDEX                                                      
%FORMAT(10I8)                                                                   
       1       2       4       7      11      16      22      29      37       2
       3       5       8      12      17      23      30      38       4       5
       6       9      13      18      24      31      39       7       8       9
      10      14      19      25      32      40      11      12      13      14
      15      20      26      33      41      16      17      18      19      20
      21      27      34      42      22      23      24      25      26      27
      28      35      43      29      30      31      32      33      34      35
      36      44      37      38      39      40      41      42      43      44
      45
%FLAG RESIDUE_LABEL                                                             
%FORMAT(20a4)                                                                   
HEM 
%FLAG RESIDUE_POINTER                                                           
%FORMAT(10I8)                                                                   
       1
%FLAG BOND_FORCE_CONSTANT                                                       
%FORMAT(5E16.8)                                                                 
  6.48000000E+02  3.35900000E+02  3.28300000E+02  3.37300000E+02  3.03100000E+02
  3.47200000E+02  3.47200000E+02  5.04000000E+02  5.72000000E+02  3.41500000E+02
  4.20900000E+02  4.18300000E+02  4.31600000E+02  1.14000000E+02  3.37300000E+02
  3.37300000E+02  1.14000000E+02  4.31600000E+02  4.18300000E+02  4.20900000E+02
%FLAG BOND_EQUIL_VALUE                                                          
%FORMAT(5E16.8)                                                                 
  1.21400000E+00  1.09300000E+00  1.50800000E+00  1.09200000E+00  1.53500000E+00
  1.08500000E+00  1.08500000E+00  1.37100000E+00  1.63900000E+00  1.08900000E+00
  1.42700000E+00  1.42900000E+00  1.37600000E+00  2.02900000E+00  1.49900000E+00
  1.49900000E+00  2.02900000E+00  1.37600000E+00  1.42900000E+00  1.42700000E+00
%FLAG ANGLE_FORCE_CONSTANT                                                      
%FORMAT(5E16.8)                                                                 
  7.81700000E+01  4.76300000E+01  3.91800000E+01  6.80300000E+01  4.63700000E+01
  3.94300000E+01  4.63600000E+01  6.37900000E+01  3.80000000E+01  4.83500000E+01
  4.83500000E+01  3.80000000E+01  6.46600000E+01  6.76300000E+01  6.56000000E+01
  1.46000000E+02  4.66000000E+01  6.81600000E+01  6.85000000E+01  6.74400000E+01
  6.50000000E+01  6.78800000E+01  4.72000000E+01  7.08900000E+01  6.46600000E+01
  6.56000000E+01  4.72000000E+01  6.99500000E+01  6.85000000E+01  2.39000000E+02
  6.50000000E+01  1.46000000E+02  4.66000000E+01  6.38000000E+01  6.78800000E+01
  6.35700000E+01  6.86000000E+01  6.46900000E+01  0.00000000E+00  6.80100000E+01
  6.81600000E+01  0.00000000E+00
%FLAG ANGLE_EQUIL_VALUE                                                         
%FORMAT(5E16.8)                                                                 
  2.27556125E+00  1.87902228E+00  1.91200902E+00  2.14867576E+00  1.92073567E+00
  1.89106506E+00  1.92108473E+00  1.92911325E+00  2.05338075E+00  2.14483604E+00
  2.14483604E+00  2.05338075E+00  2.02405920E+00  2.11464183E+00  2.17361653E+00
  2.21047790E+00  2.04149505E+00  1.99299233E+00  2.18243045E+00  2.12965167E+00
  1.61278964E+00  1.93208031E+00  1.93487284E+00  1.80065696E+00  2.02405920E+00
  2.17361653E+00  1.93487284E+00  1.97955329E+00  2.18243045E+00  1.56905167E+00
  1.61278964E+00  2.21047790E+00  2.04149505E+00  2.20011064E+00  1.93208031E+00
  1.95337334E+00  1.92317913E+00  1.88670173E+00  3.06542780E+00  2.09090534E+00
  1.99299233E+00  3.04963256E+00
%FLAG DIHEDRAL_FORCE_CONSTANT                                                   
%FORMAT(5E16.8)                                                                 
  8.00000000E-01  8.00000000E-02  1.55555556E-01  0.00000000E+00  4.00000000E+00
  4.75000000E+00  1.10000000E+00
%FLAG DIHEDRAL_PERIODICITY                                                      
%FORMAT(5E16.8)                                                                 
  1.00000000E+00  3.00000000E+00  3.00000000E+00  2.00000000E+00  2.00000000E+00
  2.00000000E+00  2.00000000E+00
%FLAG DIHEDRAL_PHASE                                                            
%FORMAT(5E16.8)                                                                 
  0.00000000E+00  3.14159400E+00  0.00000000E+00  3.14159400E+00  3.14159400E+00
  3.14159400E+00  3.14159400E+00
%FLAG SCEE_SCALE_FACTOR                                                         
%FORMAT(5E16.8)                                                                 
  1.20000000E+00  1.20000000E+00  1.20000000E+00  1.20000000E+00  1.20000000E+00
  1.20000000E+00  0.00000000E+00
%FLAG SCNB_SCALE_FACTOR                                                         
%FORMAT(5E16.8)                                                                 
  2.00000000E+00  2.00000000E+00  2.00000000E+00  2.00000000E+00  2.00000000E+00
  2.00000000E+00  0.00000000E+00
%FLAG SOLTY                                                                     
%FORMAT(5E16.8)                                                                 
  0.00000000E+00  0.00000000E+00  0.00000000E+00  0.00000000E+00  0.00000000E+00
  0.00000000E+00  0.00000000E+00  0.00000000E+00  0.00000000E+00  0.00000000E+00
  0.00000000E+00  0.00000000E+00  0.00000000E+00
%FLAG LENNARD_JONES_ACOEF                                                       
%FORMAT(5E16.8)                                                                 
  9.44293233E+05  8.82619071E+05  8.19971662E+05  1.37922058E+06  1.28132490E+06
  2.00225638E+06  7.91627154E+04  7.62451550E+04  1.19144136E+05  5.71629601E+03
  3.56251550E+04  3.48386679E+04  5.44404821E+04  2.38268173E+03  9.54289567E+02
  9.95480466E+05  9.24822270E+05  1.44516921E+06  8.59947003E+04  3.92935237E+04
  1.04308023E+06  8.96776989E+04  8.61541883E+04  1.34628441E+05  6.55825601E+03
  2.75165164E+03  9.71708117E+04  7.51607703E+03  6.20665997E+04  6.01816484E+04
  9.40425725E+04  4.33325458E+03  1.77485069E+03  6.78771368E+04  4.98586848E+03
  3.25969625E+03  6.06829342E+05  5.74393458E+05  8.97573261E+05  4.77908183E+04
  2.08315956E+04  6.47841731E+05  5.44261042E+04  3.69471530E+04  3.79876399E+05
%FLAG LENNARD_JONES_BCOEF                                                       
%FORMAT(5E16.8)                                                                 
  8.01323529E+02  6.53361429E+02  5.31102864E+02  1.02097219E+03  8.29925416E+02
  1.29687909E+03  1.26451907E+02  1.04660679E+02  1.63547523E+02  1.85196588E+01
  7.66514911E+01  6.39271553E+01  9.98954714E+01  1.08040312E+01  6.17831552E+00
  7.36907417E+02  5.99015525E+02  9.36048820E+02  1.18043746E+02  7.21015854E+01
  6.75612247E+02  1.36131731E+02  1.12529845E+02  1.75844238E+02  2.00642027E+01
  1.17436104E+01  1.26919150E+02  2.17257828E+01  1.13252061E+02  9.40505980E+01
  1.46967729E+02  1.63092814E+01  9.43160970E+00  1.06076943E+02  1.76949863E+01
  1.43076527E+01  6.77220874E+02  5.55666448E+02  8.68309587E+02  1.03580945E+02
  6.17939685E+01  6.26720080E+02  1.11805549E+02  9.21192136E+01  5.64885984E+02
%FLAG BONDS_INC_HYDROGEN                                                        
%FORMAT(10I8)                                                                   
     192     195       2     192     198       2     183     186       2     183
     189       2     174     177       4     174     180       4     165     168
       4     165     171       4     153     156       4     153     159       4
     153     162       4     141     144       4     141     147       4     141
     150       4     129     132       4     129     135       4     129     138
       4     117     120       4     117     123       4     117     126       4
     108     111       6     108     114       6     102     105       7      93
      96       7      93      99       7      87      90       6      75      78
      10      57      60      10      36      39      10      15      18      10
%FLAG BONDS_WITHOUT_HYDROGEN                                                    
%FORMAT(10I8)                                                                   
     204     207       1     204     213       1     201     210       1     201
     216       1     192     201       3     183     204       3     174     192
       5     165     183       5     102     108       8      87      93       8
      84      87       8      81     219       9      72      75      11      72
      84      12      69      72      13      69      81      14      66      84
      12      66     117      15      63      66      12      63      69      13
      57      63      11      54     153      16      51      81      17      48
      51      18      48      54      19      48      57      20      45      54
      19      45     165      16      42      45      19      42      51      18
      36      42      20      33     141      15      30      33      12      30
     174      15      27      30      12      27      36      11      24      27
      13      24      81      14      21      24      13      21      33      12
      15      21      11      12     102       8       9      12      19       9
     129      16       6      12      19       6      15      20       3       9
      19       3      75      20       0       3      18       0       6      18
       0      81      17
%FLAG ANGLES_INC_HYDROGEN                                                       
%FORMAT(10I8)                                                                   
     198     192     201       2     195     192     198       3     195     192
     201       2     189     183     204       2     186     183     189       3
     186     183     204       2     180     174     192       5     177     174
     180       6     177     174     192       5     174     192     195       7
     174     192     198       7     171     165     183       5     168     165
     171       6     168     165     183       5     165     183     186       7
     165     183     189       7     159     153     162       6     156     153
     159       6     156     153     162       6     147     141     150       6
     144     141     147       6     144     141     150       6     135     129
     138       6     132     129     135       6     132     129     138       6
     123     117     126       6     120     117     123       6     120     117
     126       6     111     108     114       9     105     102     108      10
     102     108     111      11     102     108     114      11      96      93
      99      12      90      87      93      11      87      93      96      10
      87      93      99      10      84      87      90      11      72      75
      78      17      66     117     120      23      66     117     123      23
      66     117     126      23      60      57      63      17      54     153
     156      27      54     153     159      27      54     153     162      27
      48      57      60      33      45     165     168      27      45     165
     171      27      39      36      42      33      33     141     144      23
      33     141     147      23      33     141     150      23      30     174
     177      23      30     174     180      23      27      36      39      17
      18      15      21      17      12     102     105      10       9     129
     132      27       9     129     135      27       9     129     138      27
       6      15      18      33       3      75      78      33
%FLAG ANGLES_WITHOUT_HYDROGEN                                                   
%FORMAT(10I8)                                                                   
     210     201     216       1     207     204     213       1     192     201
     210       4     192     201     216       4     183     204     207       4
     183     204     213       4     174     192     201       8     165     183
     204       8      84      66     117      13      84      87      93      14
      75      72      84      15      72      69      81      16      72      84
      87      18      69      72      75      19      69      72      84      20
      69      81     219      21      66      63      69      20      66      84
      72      22      66      84      87      18      63      66      84      22
      63      66     117      13      63      69      72      24      63      69
      81      16      57      63      66      15      57      63      69      19
      54      45     165      25      54      48      57      26      51      48
      54      28      51      48      57      29      51      81      69      30
      51      81     219      31      48      51      81      32      48      54
     153      25      48      57      63      34      45      42      51      28
      45      54      48      35      45      54     153      25      45     165
     183      36      42      45      54      35      42      45     165      25
      42      51      48      37      42      51      81      32      36      42
      45      26      36      42      51      29      33      30     174      13
      30      27      36      15      30      33     141      13      30     174
     192      38      27      24      81      16      27      30      33      22
      27      30     174      13      27      36      42      34      24      21
      33      20      24      27      30      20      24      27      36      19
      24      81      51      30      24      81      69      39      24      81
     219      21      21      24      27      24      21      24      81      16
      21      33      30      22      21      33     141      13      15      21
      24      19      15      21      33      15      12       6      15      26
      12       9     129      25      12     102     108      40       9       3
      75      26       9      12     102      41       6       0      81      32
       6      12       9      35       6      12     102      41       6      15
      21      34       3       0       6      37       3       0      81      32
       3       9      12      35       3       9     129      25       3      75
      72      34       0       3       9      28       0       3      75      29
       0       6      12      28       0       6      15      29       0      81
      24      30       0      81      51      42       0      81      69      30
       0      81     219      31
%FLAG DIHEDRALS_INC_HYDROGEN                                                    
%FORMAT(10I8)                                                                   
     198     192     201     210       1     198     192    -201     210       2
     198     192     201     216       1     198     192    -201     216       2
     195     192     201     210       1     195     192    -201     210       2
     195     192     201     216       1     195     192    -201     216       2
     189     183     204     207       1     189     183    -204     207       2
     189     183     204     213       1     189     183    -204     213       2
     186     183     204     207       1     186     183    -204     207       2
     186     183     204     213       1     186     183    -204     213       2
     180     174     192     195       3     180     174     192     198       3
     180     174     192     201       3     177     174     192     195       3
     177     174     192     198       3     177     174     192     201       3
     171     165     183     186       3     171     165     183     189       3
     171     165     183     204       3     168     165     183     186       3
     168     165     183     189       3     168     165     183     204       3
     105     102     108     111       5     105     102     108     114       5
      90      87      93      96       5      90      87      93      99       5
      84      66     117     120       4      84      66     117     123       4
      84      66     117     126       4      84      87      93      96       5
      84      87      93      99       5      78      75      72      84       5
      72      84      87      90       5      69      72      75      78       5
      66      84      87      90       5      63      66     117     120       4
      63      66     117     123       4      63      66     117     126       4
      60      57      63      66       5      60      57      63      69       5
      54      45     165     168       4      54      45     165     171       4
      54      48      57      60       5      51      48      57      60       5
      48      54     153     156       4      48      54     153     159       4
      48      54     153     162       4      45      54     153     156       4
      45      54     153     159       4      45      54     153     162       4
      45     165     183     186       3      45     165     183     189       3
      42      45     165     168       4      42      45     165     171       4
      39      36      42      45       5      39      36      42      51       5
      33      30     174     177       4      33      30     174     180       4
      30      27      36      39       5      30      33     141     144       4
      30      33     141     147       4      30      33     141     150       4
      30     174     192     195       3      30     174     192     198       3
      27      30     174     177       4      27      30     174     180       4
      24      27      36      39       5      21      33     141     144       4
      21      33     141     147       4      21      33     141     150       4
      18      15      21      24       5      18      15      21      33       5
      12       6      15      18       5      12       9     129     132       4
      12       9     129     135       4      12       9     129     138       4
      12     102     108     111       5      12     102     108     114       5
       9       3      75      78       5       9      12     102     105       5
       6      12     102     105       5       3       9     129     132       4
       3       9     129     135       4       3       9     129     138       4
       0       3      75      78       5       0       6      15      18       5
%FLAG DIHEDRALS_WITHOUT_HYDROGEN                                                
%FORMAT(10I8)                                                                   
     174     192     201     210       4     174     192     201     216       4
     165     183     204     207       4     165     183     204     213       4
     153      54      45     165       5     141      33      30     174       5
     102      12       9     129       5      87      84      66     117       5
      81      69      72      84       4      81       0       3      75       4
      75       3       9     129       5      75      72     -69      81       4
      75      72      84      87       5      72      69      81     219       4
      72      84      66     117       5      72      84      87      93       5
      69      63     -66      84       5      69      63      66     117       5
      69      72      84      87       5      66      63     -69      72       6
      66      63      69      81       4      66      84     -72      69       5
      66      84      72      75       5      66      84      87      93       5
      63      66     -84      72       5      63      66      84      87       5
      63      69      72      75       6      63      69     -72      84       6
      63      69      81     219       4      57      48      51      81       4
      57      48      54     153       5      57      63      66      84       5
      57      63      66     117       5      57      63      69      72       6
      57      63     -69      81       4      54      45     165     183       4
      54      48      51      81       4      54      48      57      63       5
      51      42     -45      54       5      51      42      45     165       5
      51      48      54     153       5      51      48      57      63       5
      51      81     -69      63       4      51      81      69      72       4
      48      51      81      69       4      48      51      81     219       4
      48      54      45     165       5      48      57      63      66       5
      48      57     -63      69       5      45      42     -51      48       6
      45      42      51      81       4      45      54     -48      51       5
      45      54      48      57       5      45     165     183     204       3
      42      45     -54      48       5      42      45      54     153       5
      42      45     165     183       4      42      51     -48      54       6
      42      51      48      57       6      42      51      81      69       4
      42      51      81     219       4      36      27      24      81       4
      36      27      30     174       5      36      42      45      54       5
      36      42      45     165       5      36      42      51      48       6
      36      42     -51      81       4      33      21      24      81       4
      33      30      27      36       5      33      30     174     192       4
      30      27      24      81       4      30      27      36      42       5
      30     174     192     201       3      27      24     -21      33       6
      27      24      81      51       4      27      24      81      69       4
      27      24      81     219       4      27      30      33     141       5
      27      30     174     192       4      27      36      42      45       5
      27      36     -42      51       5      24      21     -33      30       5
      24      21      33     141       5      24      27     -30      33       5
      24      27      30     174       5      24      27      36      42       5
      24      81     -51      42       4      24      81      51      48       4
      24      81      69      63       4      24      81      69      72       4
      21      24     -27      30       6      21      24      27      36       6
      21      24      81      51       4      21      24      81      69       4
      21      24      81     219       4      21      33     -30      27       5
      21      33      30     174       5      81       0       6      15       4
      15       6      12     102       5      15      21      24      27       6
      15      21     -24      81       4      15      21      33      30       5
      15      21      33     141       5      81       0       6      12       4
      12       6      15      21       5      12       9       3      75       5
      81       0       3       9       4       9       3      75      72       5
       9      12       6      15       5       9      12     102     108       5
       6       0      -3       9       6       6       0       3      75       6
       6       0      81      24       4       6       0      81      51       4
       6       0      81      69       4       6       0      81     219       4
       6      12       9     129       5       6      12     102     108       5
       6      15     -21      24       5       6      15      21      33       5
       3       0      -6      12       6       3       0       6      15       6
       3       0      81      24       4       3       0      81      51       4
       3       0      81      69       4       3       0      81     219       4
       3       9     -12       6       5       3       9      12     102       5
       3      75     -72      69       5       3      75      72      84       5
       0       3      -9      12       5       0       3       9     129       5
       0       3      75      72       5       0       6     -12       9       5
       0       6      12     102       5       0       6      15      21       5
       0      81     -24      21       4       0      81      24      27       4
       0      81      51      42       4       0      81      51      48       4
       0      81      69      63       4       0      81     -69      72       4
     183     207    -204    -213       7     192     210    -201    -216       7
%FLAG EXCLUDED_ATOMS_LIST                                                       
%FORMAT(10I8)                                                                   
       2       3       4       5       6       7       8       9      10      15
      17      18      22      24      25      26      27      28      35      44
      74       3       4       5       6       9      18      24      25      26
      27      28      29      35      44      45      46      47      74       4
       5       6       7       8       9      12      18      24      26      28
      35      36      37      44      74       5       6      25      26      27
      28      35      36      37      44      45      46      47       6       7
       8      26      28      35      36      37      38      39      44      45
      46      47       7       8       9      10      11      12      28      35
      48       8       9      12       9      10      11      12      13      18
      24      28      48      49      50      51      59      74      10      11
      12      13      14      15      17      18      22      24      25      28
      48      59      74      11      12      13      14      15      16      18
      24      28      48      59      60      61      65      74      12      13
      14      15      28      48      49      50      51      59      60      61
      65      66      67      68      13      28      48      49      50      51
      59      60      61      65      14      15      16      17      18      19
      28      56      59      15      16      18      16      17      18      19
      20      24      28      52      56      57      58      62      74      17
      18      19      20      28      52      53      54      55      56      57
      58      62      63      64      69      18      19      20      21      22
      23      24      28      52      53      54      55      56      74      19
      20      21      22      24      25      28      52      56      74      20
      21      22      28      52      53      54      55      56      57      58
      62      21      22      23      24      25      28      29      40      52
      22      23      24      23      24      25      26      28      29      30
      40      41      42      43      74      24      25      26      28      29
      30      31      32      40      41      42      43      25      26      27
      28      29      30      40      74      26      27      28      29      30
      31      32      40      74      27      28      29      30      44      29
      29      74      30      31      32      33      34      40      41      42
      43      31      32      33      34      40      32      33      34      33
      34      34       0      36      37      38      39      44      37      38
      39      38      39      39       0      41      42      43      42      43
      43       0      45      46      47      46      47      47       0      49
      50      51      59      50      51      51       0      53      54      55
      56      54      55      55       0      57      58      62      63      64
      69      70      72      58      62      63      64      69      62      63
      64      69      60      61      65      66      67      68      71      73
      61      65      66      67      68      65      66      67      68      63
      64      69      70      72      64      69      70      72      69      70
      72      66      67      68      71      73      67      68      71      73
      68      71      73      71      73      70      72      72      73       0
       0       0
%FLAG HBOND_ACOEF                                                               
%FORMAT(5E16.8)                                                                 

%FLAG HBOND_BCOEF                                                               
%FORMAT(5E16.8)                                                                 

%FLAG HBCUT                                                                     
%FORMAT(5E16.8)                                                                 

%FLAG AMBER_ATOM_TYPE                                                           
%FORMAT(20a4)                                                                   
nc  cc  cc  cc  cc  cg  ha  cd  nd  cd  cd  cd  cg  ha  cc  cc  cc  nc  cc  cg  
ha  cd  cd  nd  cd  cg  ha  fe  cd  cc  ha  cd  ha  ha  cd  ha  cc  ha  ha  c3  
hc  hc  hc  c3  hc  hc  hc  c3  hc  hc  hc  c3  hc  hc  hc  c3  hc  hc  c3  hc  
hc  c3  h1  h1  c3  h1  h1  c   c   o   o   o   o   oa  
%FLAG TREE_CHAIN_CLASSIFICATION                                                 
%FORMAT(20a4)                                                                   
BLA BLA BLA BLA BLA BLA BLA BLA BLA BLA BLA BLA BLA BLA BLA BLA BLA BLA BLA BLA 
BLA BLA BLA BLA BLA BLA BLA BLA BLA BLA BLA BLA BLA BLA BLA BLA BLA BLA BLA BLA 
BLA BLA BLA BLA BLA BLA BLA BLA BLA BLA BLA BLA BLA BLA BLA BLA BLA BLA BLA BLA 
BLA BLA BLA BLA BLA BLA BLA BLA BLA BLA BLA BLA BLA BLA 
%FLAG JOIN_ARRAY                                                                
%FORMAT(10I8)                                                                   
       0       0       0       0       0       0       0       0       0       0
       0       0       0       0       0       0       0       0       0       0
       0       0       0       0       0       0       0       0       0       0
       0       0       0       0       0       0       0       0       0       0
       0       0       0       0       0       0       0       0       0       0
       0       0       0       0       0       0       0       0       0       0
       0       0       0       0       0       0       0       0       0       0
       0       0       0       0
%FLAG IROTAT                                                                    
%FORMAT(10I8)                                                                   
       0       0       0       0       0       0       0       0       0       0
       0       0       0       0       0       0       0       0       0       0
       0       0       0       0       0       0       0       0       0       0
       0       0       0       0       0       0       0       0       0       0
       0       0       0       0       0       0       0       0       0       0
       0       0       0       0       0       0       0       0       0       0
       0       0       0       0       0       0       0       0       0       0
       0       0       0       0
%FLAG RADIUS_SET                                                                
%FORMAT(1a80)                                                                   
modified Bondi radii (mbondi)                                                   
%FLAG RADII                                                                     
%FORMAT(5E16.8)                                                                 
  1.55000000E+00  1.70000000E+00  1.70000000E+00  1.70000000E+00  1.70000000E+00
  1.70000000E+00  1.30000000E+00  1.70000000E+00  1.55000000E+00  1.70000000E+00
  1.70000000E+00  1.70000000E+00  1.70000000E+00  1.30000000E+00  1.70000000E+00
  1.70000000E+00  1.70000000E+00  1.55000000E+00  1.70000000E+00  1.70000000E+00
  1.30000000E+00  1.70000000E+00  1.70000000E+00  1.55000000E+00  1.70000000E+00
  1.70000000E+00  1.30000000E+00  1.50000000E+00  1.70000000E+00  1.70000000E+00
  1.30000000E+00  1.70000000E+00  1.30000000E+00  1.30000000E+00  1.70000000E+00
  1.30000000E+00  1.70000000E+00  1.30000000E+00  1.30000000E+00  1.70000000E+00
  1.30000000E+00  1.30000000E+00  1.30000000E+00  1.70000000E+00  1.30000000E+00
  1.30000000E+00  1.30000000E+00  1.70000000E+00  1.30000000E+00  1.30000000E+00
  1.30000000E+00  1.70000000E+00  1.30000000E+00  1.30000000E+00  1.30000000E+00
  1.70000000E+00  1.30000000E+00  1.30000000E+00  1.70000000E+00  1.30000000E+00
  1.30000000E+00  1.70000000E+00  1.30000000E+00  1.30000000E+00  1.70000000E+00
  1.30000000E+00  1.30000000E+00  1.70000000E+00  1.70000000E+00  1.50000000E+00
  1.50000000E+00  1.50000000E+00  1.50000000E+00  1.50000000E+00
%FLAG SCREEN                                                                    
%FORMAT(5E16.8)                                                                 
  7.90000000E-01  7.20000000E-01  7.20000000E-01  7.20000000E-01  7.20000000E-01
  7.20000000E-01  8.50000000E-01  7.20000000E-01  7.90000000E-01  7.20000000E-01
  7.20000000E-01  7.20000000E-01  7.20000000E-01  8.50000000E-01  7.20000000E-01
  7.20000000E-01  7.20000000E-01  7.90000000E-01  7.20000000E-01  7.20000000E-01
  8.50000000E-01  7.20000000E-01  7.20000000E-01  7.90000000E-01  7.20000000E-01
  7.20000000E-01  8.50000000E-01  8.00000000E-01  7.20000000E-01  7.20000000E-01
  8.50000000E-01  7.20000000E-01  8.50000000E-01  8.50000000E-01  7.20000000E-01
  8.50000000E-01  7.20000000E-01  8.50000000E-01  8.50000000E-01  7.20000000E-01
  8.50000000E-01  8.50000000E-01  8.50000000E-01  7.20000000E-01  8.50000000E-01
  8.50000000E-01  8.50000000E-01  7.20000000E-01  8.50000000E-01  8.50000000E-01
  8.50000000E-01  7.20000000E-01  8.50000000E-01  8.50000000E-01  8.50000000E-01
  7.20000000E-01  8.50000000E-01  8.50000000E-01  7.20000000E-01  8.50000000E-01
  8.50000000E-01  7.20000000E-01  8.50000000E-01  8.50000000E-01  7.20000000E-01
  8.50000000E-01  8.50000000E-01  7.20000000E-01  7.20000000E-01  8.50000000E-01
  8.50000000E-01  8.50000000E-01  8.50000000E-01  8.00000000E-01
%FLAG IPOL                                                                      
%FORMAT(1I8)                                                                    
       0
