defa
   74
 -16.0690000 -24.6860000 -10.0990000 -16.3630000 -25.9030000 -10.5290000
 -15.8330000 -24.7770000  -8.7680000 -16.3300000 -26.8300000  -9.5140000
 -15.9860000 -26.1200000  -8.3420000 -15.5520000 -23.6430000  -7.9980000
 -15.1252093 -23.8726304  -7.0276405 -15.5610000 -22.3340000  -8.3620000
 -15.4950000 -21.8910000  -9.6050000 -15.3290000 -20.5630000  -9.5630000
 -15.2790000 -20.1410000  -8.2130000 -15.4310000 -21.2800000  -7.4780000
 -15.5600000 -19.7210000 -10.6460000 -15.8228414 -18.7068391 -10.3731025
 -15.5970000 -20.0500000 -12.0140000 -15.5440000 -19.1830000 -13.1210000
 -15.9760000 -21.2510000 -13.7640000 -15.8620000 -21.3170000 -12.4470000
 -15.7800000 -19.9560000 -14.2230000 -16.4520000 -22.2960000 -14.5150000
 -17.0679345 -21.9485923 -15.3368136 -16.4760000 -23.6570000 -14.2360000
 -16.8420000 -24.6990000 -15.1290000 -16.4150000 -24.1090000 -12.9670000
 -16.7240000 -25.3850000 -12.9770000 -16.8140000 -26.1480000 -11.8200000
 -17.3517924 -27.0868862 -11.8865881 -15.8460000 -23.0320000 -11.2930000
 -17.0050000 -25.8400000 -14.2930000 -17.3670000 -27.1780000 -14.6340000
 -17.8424692 -27.7092061 -13.8082863 -17.2050000 -27.9260000 -15.8960000
 -16.7035382 -27.5110882 -16.7643987 -17.5648373 -28.9478557 -15.9860561
 -15.8060000 -26.5190000  -7.0290000 -16.2938360 -25.8773579  -6.2946782
 -15.0860000 -27.6250000  -6.5260000 -14.5245655 -28.3006357  -7.1627682
 -15.0500293 -27.8218635  -5.4567157 -17.0040000 -24.5590000 -16.6340000
 -16.0826941 -24.8125623 -17.1794600 -17.7899820 -25.2286005 -17.0046769
 -17.2741289 -23.5357091 -16.9168977 -16.6180000 -28.3670000  -9.6540000
 -15.7017418 -28.9522955  -9.8208203 -17.0871873 -28.7588867  -8.7447057
 -17.2896613 -28.5748712 -10.4947673 -15.4470000 -21.3450000  -5.9370000
 -16.3507282 -21.8408632  -5.5578046 -14.5862630 -21.9028544  -5.5421566
 -15.4124843 -20.3416061  -5.5015493 -15.8110000 -19.4710000 -15.7460000
 -14.9662506 -19.8748052 -16.3227052 -16.7294092 -19.7896131 -16.2571519
 -15.7565157 -18.3803166 -15.8113091 -15.2680000 -17.6780000 -13.1420000
 -15.8119588 -17.2009767 -13.9665960 -15.6315759 -17.1849857 -12.2353444
 -15.0920000 -18.7150000  -7.6490000 -15.5045771 -17.9528180  -8.3201272
 -15.6248308 -18.5855080  -6.6997534 -13.8040000 -17.3800000 -13.2960000
 -13.4559368 -17.8857642 -14.2070937 -13.2325539 -17.8236213 -12.4705732
 -13.5780000 -18.4190000  -7.4350000 -13.1118098 -18.5175824  -8.4202178
 -13.1487942 -19.2158529  -6.8113905 -13.1460000 -17.0570000  -6.8440000
 -13.4480000 -15.9310000 -13.4150000 -12.3760000 -15.6410000 -13.9490000
 -12.1060000 -16.9550000  -6.2190000 -14.2090000 -15.0420000 -13.0600000
 -13.8670000 -16.0610000  -7.0050000 -17.8960000 -22.8020000 -11.1660000
