Run semi-empirical minimization
 &qmmm
    qm_theory='AM1', grms_tol=0.0002,
  tight_p_conv=1, scfconv=1.d-10,   qmcharge=0,
 /
   7     N      -10.0180        9.2440       12.5580 
   6     C       -9.9880       10.3420       11.7910 
   7    N1       -8.9190       10.4050       11.0950 
   6    C1       -8.2310        9.2860       11.4360 
   6    C2       -8.8840        8.5540       12.3370 
   6    C3      -11.0530        8.9480       13.4330 
   6    C4      -11.0420       10.1450       14.2860 
   8     O      -11.7490       11.2480       13.8660 
   6    C5      -11.5560       12.3200       14.9600 
   6    C6      -10.8740       11.5530       16.1330 
   8    O1      -10.5020       10.3140       15.5500 
   6    C7      -12.2390        9.3290       14.9650 
   6    C8      -12.0930        8.0860       15.6920 
   6    C9      -13.1780        7.4240       16.2640 
   6   C10      -14.4460        7.9810       16.1390 
   6   C11      -14.6440        9.1640       15.4490 
   6   C12      -13.5640        9.8130       14.8840 
  17    CL      -15.8140        7.1740       16.8540 
   6   C13      -12.9870       12.7680       15.1450 
   8    O2      -13.4170       12.6590       13.7890 
   6   C14      -14.7550       12.8020       13.4840 
   6   C15      -15.7290       12.9940       14.4270 
   6   C16      -17.0480       13.0420       13.9680 
   6   C17      -17.2850       12.8760       12.6230 
   6   C18      -16.2190       12.7280       11.7680 
   6   C19      -14.9170       12.6640       12.1980 
   7    N2      -18.6210       12.9090       12.1780 
   6   C20      -19.4610       13.9090       12.8100 
   6   C21      -20.8860       13.6960       12.4410 
   7    N3      -21.3860       12.5090       13.1100 
   6   C22      -20.3490       11.4760       13.3280 
   6   C23      -19.2860       11.5670       12.2520 
   6   C24      -22.6440       12.3120       13.4810 
   8    O3      -22.9800       11.2740       14.0020 
   6   C25      -23.6270       13.4070       13.2370 
  17   Cl1      -10.5450        7.2820       15.9310 
   1     H      -10.7380       11.0510       11.7660 
   1    H1       -7.3110        9.0320       11.0440 
   1    H2       -8.5890        7.6630       12.7660 
   1    H3      -10.8590        8.0580       13.9930 
   1    H4      -11.9910        8.7520       12.9580 
   1    H5      -10.9420       13.1810       14.7990 
   1    H6      -11.5500       11.4110       16.9500 
   1    H7      -10.0410       12.0830       16.5450 
   1    H8      -13.0430        6.5360       16.7720 
   1    H9      -15.5930        9.5590       15.3570 
   1   H10      -13.7330       10.6960       14.3770 
   1   H11      -13.5340       12.1210       15.7980 
   1   H12      -13.1190       13.7280       15.5990 
   1   H13      -15.5000       13.0980       15.4280 
   1   H14      -17.8290       13.1990       14.6250 
   1   H15      -16.4060       12.6620       10.7550 
   1   H16      -14.1260       12.5180       11.5520 
   1   H17      -19.1480       14.8900       12.5180 
   1   H18      -19.3650       13.8160       13.8720 
   1   H19      -20.9830       13.5920       11.3800 
   1   H20      -21.4610       14.5440       12.7510 
   1   H21      -19.9060       11.5970       14.2940 
   1   H22      -20.8080       10.5110       13.2770 
   1   H23      -18.5470       10.8100       12.4140 
   1   H24      -19.7840       11.4200       11.3160 
   1   H25      -23.1330       14.2330       12.7700 
   1   H26      -24.0740       13.7150       14.1590 
   1   H27      -24.4000       13.0480       12.5900 

